.	Basic Statistics	Per Base Sequence Quality	Per Sequence Quality Scores	Per Base Sequence Content	Per Sequence GC Content	Per Base N Content	Sequence Length Distribution	Sequence Duplication Levels	Overrepresented Sequences	Adapter Content
SRR3216589_1	1	1	1	0.25	0.25	1	0.5	0.25	0.25	1
SRR3216590_1	1	1	1	0.25	0.25	1	0.5	0.25	0.25	1
SRR3216591_1	1	1	1	0.25	0.25	1	0.5	0.25	0.25	1
SRR3216592_1	1	1	1	0.25	0.25	1	0.5	0.25	0.25	1
SRR3216593_1	1	1	1	0.25	0.25	1	0.5	0.25	0.25	1
SRR3216594_1	1	1	1	0.25	0.25	1	0.5	0.25	0.25	1
SRR3216595_1	1	1	1	0.25	0.25	1	0.5	0.25	0.25	1
SRR3216596_1	1	1	1	0.25	0.25	1	0.5	0.25	0.25	1
SRR3216597_1	1	1	1	0.25	0.25	1	0.5	0.25	0.25	1
SRR3216598_1	1	1	1	0.25	0.25	1	0.5	0.25	0.25	1
SRR3216599_1	1	1	1	0.25	0.25	1	0.5	0.25	0.25	1
SRR3216600_1	1	1	1	0.25	0.25	1	0.5	0.25	0.25	1
SRR3216601_1	1	1	1	0.25	0.25	1	0.5	0.25	0.25	1
SRR3216602_1	1	1	1	0.25	0.25	1	0.5	0.25	0.25	1
SRR3216603_1	1	1	1	0.25	0.25	1	0.5	0.25	0.25	1
SRR3216604_1	1	1	1	0.25	0.25	1	0.5	0.25	0.25	1
SRR3216605_1	1	1	1	0.25	0.25	1	0.5	0.25	0.25	1
SRR3216606_1	1	1	1	0.25	0.25	1	0.5	0.25	0.25	1
SRR3216607_1	1	1	1	0.25	0.25	1	0.5	0.25	0.25	1
SRR3216610_1	1	1	1	0.25	0.25	1	0.5	0.25	0.25	1
SRR3216612_1	1	1	1	0.25	0.25	1	0.5	0.25	0.25	1
SRR3216613_1	1	1	1	0.25	0.25	1	0.5	0.25	0.25	1
SRR3216614_1	1	1	1	0.25	0.25	1	0.5	0.25	0.25	1
SRR3216615_1	1	1	1	0.25	0.25	1	0.5	0.25	0.25	1
SRR3216616_1	1	1	1	0.25	0.25	1	0.5	0.25	0.25	1
SRR3216617_1	1	1	1	0.25	0.25	1	0.5	0.25	0.25	1
SRR3216618_1	1	1	1	0.25	0.25	1	0.5	0.25	0.25	1
SRR3216619_1	1	1	1	0.25	0.25	1	0.5	0.25	0.25	1
SRR3216620_1	1	1	1	0.25	0.25	1	0.5	0.25	0.25	1
SRR3216621_1	1	1	1	0.25	0.25	1	0.5	0.25	0.25	1
SRR3216622_1	1	1	1	0.25	0.25	1	0.5	0.25	0.25	1
SRR3216623_1	1	1	1	0.25	0.25	1	0.5	0.25	0.25	1
SRR3216624_1	1	1	1	0.25	0.25	1	0.5	0.25	0.25	1
SRR3216625_1	1	1	1	0.25	0.25	1	0.5	0.25	0.25	1
SRR3216626_1	1	1	1	0.25	0.25	1	0.5	0.25	0.25	1
SRR3216627_1	1	1	1	0.25	0.25	1	0.5	0.25	0.25	1
SRR3216628_1	1	1	1	0.25	0.25	1	0.5	0.25	0.25	1
SRR3216629_1	1	1	1	0.25	0.25	1	0.5	0.25	0.25	1
SRR3216630_1	1	1	1	0.25	0.25	1	0.5	0.25	0.25	1
SRR3216631_1	1	1	1	0.25	0.25	1	0.5	0.25	0.25	1
SRR3216632_1	1	1	1	0.25	0.25	1	0.5	0.25	0.25	1
SRR3216633_1	1	1	1	0.25	0.25	1	0.5	0.25	0.25	1
SRR3216634_1	1	1	1	0.25	0.25	1	0.5	0.25	0.25	1
SRR3216635_1	1	1	1	0.25	0.25	1	0.5	0.25	0.25	1
SRR3216636_1	1	1	1	0.25	0.25	1	0.5	0.25	0.25	1
SRR3216637_1	1	1	1	0.25	0.25	1	0.5	0.25	0.25	1
SRR3216638_1	1	1	1	0.25	0.25	1	0.5	0.25	0.25	1
SRR3216639_1	1	1	1	0.25	0.25	1	0.5	0.25	0.25	1
SRR3216640_1	1	1	1	0.25	0.25	1	0.5	0.25	0.25	1
SRR3216641_1	1	1	1	0.25	0.25	1	0.5	0.25	0.25	1
SRR3216642_1	1	1	1	0.25	0.25	1	0.5	0.25	0.25	1
SRR3216643_1	1	1	1	0.25	0.25	1	0.5	0.25	0.25	1
SRR3216644_1	1	1	1	0.25	0.25	1	0.5	0.25	0.25	1
SRR3216645_1	1	1	1	0.25	0.25	1	0.5	0.25	0.25	1
SRR3216646_1	1	1	1	0.25	0.25	1	0.5	0.25	0.25	1
SRR3216647_1	1	1	1	0.25	0.25	1	0.5	0.25	0.25	1
SRR3216648_1	1	1	1	0.25	0.25	1	0.5	0.25	0.25	1
SRR3216649_1	1	1	1	0.25	0.25	1	0.5	0.25	0.25	1
SRR3216650_1	1	1	1	0.25	0.25	1	0.5	0.25	0.25	1
SRR3216651_1	1	1	1	0.25	0.25	1	0.5	0.25	0.25	1
SRR3216652_1	1	1	1	0.25	0.25	1	0.5	0.25	0.25	1
SRR3216653_1	1	1	1	0.25	0.25	1	0.5	0.25	0.25	1
SRR3216654_1	1	1	1	0.25	0.25	1	0.5	0.25	0.25	1
SRR3216655_1	1	1	1	0.25	0.25	1	0.5	0.25	0.25	1
SRR3216656_1	1	1	1	0.25	0.25	1	0.5	0.25	0.25	1
SRR3216657_1	1	1	1	0.25	0.25	1	0.5	0.25	0.25	1
SRR3216658_1	1	1	1	0.25	0.25	1	0.5	0.25	0.25	1
SRR3216659_1	1	1	1	0.25	0.25	1	0.5	0.25	0.25	1
SRR3216660_1	1	1	1	0.25	0.25	1	0.5	0.25	0.25	1
SRR3216661_1	1	1	1	0.25	0.25	1	0.5	0.25	0.25	1
SRR3216662_1	1	1	1	0.25	0.25	1	0.5	0.25	0.25	1
SRR3216663_1	1	1	1	0.25	0.25	1	0.5	0.25	0.25	1
SRR3216664_1	1	1	1	0.25	0.25	1	0.5	0.25	0.25	1
SRR3216665_1	1	1	1	0.25	0.25	1	0.5	0.25	0.25	1
SRR3216666_1	1	1	1	0.25	0.25	1	0.5	0.25	0.25	1
SRR3216667_1	1	1	1	0.25	0.25	1	0.5	0.25	0.25	1
SRR3216668_1	1	1	1	0.25	0.25	1	0.5	0.25	0.25	1
SRR3216669_1	1	1	1	0.25	0.25	1	0.5	0.25	0.25	1
SRR3216670_1	1	1	1	0.25	0.25	1	0.5	0.25	0.25	1
SRR3216671_1	1	1	1	0.25	0.25	1	0.5	0.25	0.25	1
SRR3216672_1	1	1	1	0.25	0.25	1	0.5	0.25	0.25	1
SRR3216673_1	1	1	1	0.25	0.25	1	0.5	0.25	0.25	1
SRR3216674_1	1	1	1	0.25	0.25	1	0.5	0.25	0.25	1
SRR3216675_1	1	1	1	0.25	0.25	1	0.5	0.25	0.25	1
SRR3216676_1	1	1	1	0.25	0.25	1	0.5	0.25	0.25	1
SRR3216677_1	1	1	1	0.25	0.25	1	0.5	0.25	0.25	1
SRR3216678_1	1	1	1	0.25	0.25	1	0.5	0.25	0.25	1
SRR3216679_1	1	1	1	0.25	0.25	1	0.5	0.25	0.25	1
SRR3216680_1	1	1	1	0.25	0.25	1	0.5	0.25	0.25	1
SRR3216681_1	1	1	1	0.25	0.25	1	0.5	0.25	0.25	1
SRR3216682_1	1	1	1	0.25	0.25	1	0.5	0.25	0.25	1
SRR3216683_1	1	1	1	0.25	0.25	1	0.5	0.25	0.25	1
SRR3216684_1	1	1	1	0.25	0.25	1	0.5	0.25	0.25	1
SRR3216685_1	1	1	1	0.25	0.25	1	0.5	0.25	0.25	1
SRR3216686_1	1	1	1	0.25	0.25	1	0.5	0.25	0.25	1
SRR3216687_1	1	1	1	0.25	0.25	1	0.5	0.25	0.25	1
SRR3216688_1	1	1	1	0.25	0.25	1	0.5	0.25	0.25	1
SRR3216689_1	1	1	1	0.25	0.25	1	0.5	0.25	0.25	1
SRR3216690_1	1	1	1	0.25	0.25	1	0.5	0.25	0.25	1
SRR3216691_1	1	1	1	0.25	0.25	1	0.5	0.25	0.25	1
SRR3216692_1	1	1	1	0.25	0.25	1	0.5	0.25	0.25	1
SRR3216693_1	1	1	1	0.25	0.25	1	0.5	0.25	0.25	1
SRR3216694_1	1	1	1	0.25	0.25	1	0.5	0.25	0.25	1
SRR3216695_1	1	1	1	0.25	0.25	1	0.5	0.25	0.25	1
SRR3216696_1	1	1	1	0.25	0.25	1	0.5	0.25	0.25	1
SRR3216697_1	1	1	1	0.25	0.25	1	0.5	0.25	0.25	1
SRR3216698_1	1	1	1	0.25	0.25	1	0.5	0.25	0.25	1
SRR3216699_1	1	1	1	0.25	0.25	1	0.5	0.25	0.25	1
SRR3216700_1	1	1	1	0.25	0.25	1	0.5	0.25	0.25	1
SRR3216701_1	1	1	1	0.25	0.25	1	0.5	0.25	0.25	1
SRR3216702_1	1	1	1	0.25	0.25	1	0.5	0.25	0.25	1
SRR3216703_1	1	1	1	0.25	0.25	1	0.5	0.25	0.25	1
SRR3216704_1	1	1	1	0.25	0.25	1	0.5	0.25	0.25	1
SRR3216705_1	1	1	1	0.25	0.25	1	0.5	0.25	0.25	1
SRR3216706_1	1	1	1	0.25	0.25	1	0.5	0.25	0.25	1
SRR3216707_1	1	1	1	0.25	0.25	1	0.5	0.25	0.25	1
SRR3216708_1	1	1	1	0.25	0.25	1	0.5	0.25	0.25	1
SRR3216709_1	1	1	1	0.25	0.25	1	0.5	0.25	0.25	1
SRR3216710_1	1	1	1	0.25	0.25	1	0.5	0.25	0.25	1
SRR3216711_1	1	1	1	0.25	0.25	1	0.5	0.25	0.25	1
SRR3216712_1	1	1	1	0.25	0.25	1	0.5	0.25	0.25	1
SRR3216713_1	1	1	1	0.25	0.25	1	0.5	0.25	0.25	1
SRR3216714_1	1	1	1	0.25	0.25	1	0.5	0.25	0.25	1
SRR3216715_1	1	1	1	0.25	0.25	1	0.5	0.25	0.25	1
SRR3216716_1	1	1	1	0.25	0.25	1	0.5	0.25	0.25	1
SRR3216717_1	1	1	1	0.25	0.25	1	0.5	0.25	0.25	1
SRR3216718_1	1	1	1	0.25	0.25	1	0.5	0.25	0.25	1
SRR3216719_1	1	1	1	0.25	0.25	1	0.5	0.25	0.25	1
SRR3216720_1	1	1	1	0.25	0.25	1	0.5	0.25	0.25	1
SRR3216721_1	1	1	1	0.25	0.25	1	0.5	0.25	0.25	1
SRR3216722_1	1	1	1	0.25	0.25	1	0.5	0.25	0.25	1
SRR3216723_1	1	1	1	0.25	0.25	1	0.5	0.25	0.25	1
SRR3216724_1	1	1	1	0.25	0.25	1	0.5	0.25	0.25	1
SRR3216725_1	1	1	1	0.25	0.25	1	0.5	0.25	0.25	1
SRR3216726_1	1	1	1	0.25	0.25	1	0.5	0.25	0.25	1
SRR3216727_1	1	1	1	0.25	0.25	1	0.5	0.25	0.25	1
SRR3216728_1	1	1	1	0.25	0.25	1	0.5	0.25	0.25	1
SRR3216729_1	1	1	1	0.25	0.25	1	0.5	0.25	0.25	1
SRR3216730_1	1	1	1	0.25	0.25	1	0.5	0.25	0.25	1
SRR3216731_1	1	1	1	0.25	0.25	1	0.5	0.25	0.25	1
SRR3216732_1	1	1	1	0.25	0.25	1	0.5	0.25	0.25	1
SRR3216733_1	1	1	1	0.25	0.25	1	0.5	0.25	0.25	1
SRR3216734_1	1	1	1	0.25	0.25	1	0.5	0.25	0.25	1
SRR3216735_1	1	1	1	0.25	0.25	1	0.5	0.25	0.25	1
SRR3216736_1	1	1	1	0.25	0.25	1	0.5	0.25	0.25	1
SRR3216737_1	1	1	1	0.25	0.25	1	0.5	0.25	0.25	1
SRR3216738_1	1	1	1	0.25	0.25	1	0.5	0.25	0.25	1
SRR3216739_1	1	1	1	0.25	0.25	1	0.5	0.25	0.25	1
SRR3216740_1	1	1	1	0.25	0.25	1	0.5	0.25	0.25	1
SRR3216741_1	1	1	1	0.25	0.25	1	0.5	0.25	0.25	1
SRR3216742_1	1	1	1	0.25	0.25	1	0.5	0.25	0.25	1
SRR3216743_1	1	1	1	0.25	0.25	1	0.5	0.25	0.25	1
SRR3216744_1	1	1	1	0.25	0.25	1	0.5	0.25	0.25	1
SRR3216745_1	1	1	1	0.25	0.25	1	0.5	0.25	0.25	1
SRR3216746_1	1	1	1	0.25	0.25	1	0.5	0.25	0.25	1
SRR3216747_1	1	1	1	0.25	0.25	1	0.5	0.25	0.25	1
SRR3216748_1	1	1	1	0.25	0.25	1	0.5	0.25	0.25	1
SRR3216749_1	1	1	1	0.25	0.25	1	0.5	0.25	0.25	1
SRR3216750_1	1	1	1	0.25	0.25	1	0.5	0.25	0.25	1
SRR3216751_1	1	1	1	0.25	0.25	1	0.5	0.25	0.25	1
SRR3216752_1	1	1	1	0.25	0.25	1	0.5	0.25	0.25	1
SRR3216753_1	1	1	1	0.25	0.25	1	0.5	0.25	0.25	1
SRR3216754_1	1	1	1	0.25	0.25	1	0.5	0.25	0.25	1
SRR3216755_1	1	1	1	0.25	0.25	1	0.5	0.25	0.25	1
SRR3216756_1	1	1	1	0.25	0.25	1	0.5	0.25	0.25	1
SRR3216757_1	1	1	1	0.25	0.25	1	0.5	0.25	0.25	1
SRR3216758_1	1	1	1	0.25	0.25	1	0.5	0.25	0.25	1
SRR3216759_1	1	1	1	0.25	0.25	1	0.5	0.25	0.25	1
SRR3216760_1	1	1	1	0.25	0.25	1	0.5	0.25	0.25	1
SRR3216761_1	1	1	1	0.25	0.25	1	0.5	0.25	0.25	1
SRR3216762_1	1	1	1	0.25	0.25	1	0.5	0.25	0.25	1
SRR3216763_1	1	1	1	0.25	0.25	1	0.5	0.25	0.25	1
SRR3216764_1	1	1	1	0.25	0.25	1	0.5	0.25	0.25	1
SRR3216765_1	1	1	1	0.25	0.25	1	0.5	0.25	0.25	1
SRR3216766_1	1	1	1	0.25	0.25	1	0.5	0.25	0.25	1
SRR3216767_1	1	1	1	0.25	0.25	1	0.5	0.25	0.25	1
SRR3216768_1	1	1	1	0.25	0.25	1	0.5	0.25	0.25	1
SRR3216769_1	1	1	1	0.25	0.25	1	0.5	0.25	0.25	1
SRR3216770_1	1	1	1	0.25	0.25	1	0.5	0.25	0.25	1
SRR3216771_1	1	1	1	0.25	0.25	1	0.5	0.25	0.25	1
SRR3216772_1	1	1	1	0.25	0.25	1	0.5	0.25	0.25	1
SRR3216773_1	1	1	1	0.25	0.25	1	0.5	0.25	0.25	1
SRR3216774_1	1	1	1	0.25	0.25	1	0.5	0.25	0.25	1
SRR3216775_1	1	1	1	0.25	0.25	1	0.5	0.25	0.25	1
SRR3216776_1	1	1	1	0.25	0.25	1	0.5	0.25	0.25	1
SRR3216777_1	1	1	1	0.25	0.25	1	0.5	0.25	0.25	1
SRR3216778_1	1	1	1	0.25	0.25	1	0.5	0.25	0.25	1
SRR3216779_1	1	1	1	0.25	0.25	1	0.5	0.25	0.25	1
SRR3216780_1	1	1	1	0.25	0.25	1	0.5	0.25	0.25	1
SRR3216781_1	1	1	1	0.25	0.25	1	0.5	0.25	0.25	1
SRR3216782_1	1	1	1	0.25	0.25	1	0.5	0.25	0.25	1
SRR3216783_1	1	1	1	0.25	0.25	1	0.5	0.25	0.25	1
SRR3216784_1	1	1	1	0.25	0.25	1	0.5	0.25	0.25	1
SRR3216785_1	1	1	1	0.25	0.25	1	0.5	0.25	0.25	1
SRR3216786_1	1	1	1	0.25	0.25	1	0.5	0.25	0.25	1
SRR3216787_1	1	1	1	0.25	0.25	1	0.5	0.25	0.25	1
SRR3216788_1	1	1	1	0.25	0.25	1	0.5	0.25	0.25	1
SRR3216789_1	1	1	1	0.25	0.25	1	0.5	0.25	0.25	1
SRR3216790_1	1	1	1	0.25	0.25	1	0.5	0.25	0.25	1
SRR3216791_1	1	1	1	0.25	0.25	1	0.5	0.25	0.25	1
SRR3216792_1	1	1	1	0.25	0.25	1	0.5	0.25	0.25	1
SRR3216793_1	1	1	1	0.25	0.25	1	0.5	0.25	0.25	1
SRR3216794_1	1	1	1	0.25	0.25	1	0.5	0.25	0.25	1
SRR3216795_1	1	1	1	0.25	0.25	1	0.5	0.25	0.25	1
SRR3216796_1	1	1	1	0.25	0.25	1	0.5	0.25	0.25	1
SRR3216797_1	1	1	1	0.25	0.25	1	0.5	0.25	0.25	1
SRR3216798_1	1	1	1	0.25	0.25	1	0.5	0.25	0.25	1
SRR3216799_1	1	1	1	0.25	0.25	1	0.5	0.25	0.25	1
SRR3216800_1	1	1	1	0.25	0.25	1	0.5	0.25	0.25	1
SRR3216801_1	1	1	1	0.25	0.25	1	0.5	0.25	0.25	1
SRR3216802_1	1	1	1	0.25	0.25	1	0.5	0.25	0.25	1
SRR3216803_1	1	1	1	0.25	0.25	1	0.5	0.25	0.25	0.25
SRR3216804_1	1	1	1	0.25	0.25	1	0.5	0.25	0.25	1
SRR3216805_1	1	1	1	0.25	0.25	1	0.5	0.25	0.25	1
SRR3216806_1	1	1	1	0.25	0.25	1	0.5	0.25	0.25	1
SRR3216807_1	1	1	1	0.25	0.25	1	0.5	0.25	0.25	1
SRR3216808_1	1	1	1	0.25	0.25	1	0.5	0.25	0.25	1
SRR3216809_1	1	1	1	0.25	0.25	1	0.5	0.25	0.25	1
SRR3216810_1	1	1	1	0.25	0.25	1	0.5	0.25	0.25	1
SRR3216811_1	1	1	1	0.25	0.25	1	0.5	0.25	0.25	1
SRR3216812_1	1	1	1	0.25	0.25	1	0.5	0.25	0.25	1
SRR3216813_1	1	1	1	0.25	0.25	1	0.5	0.25	0.25	1
SRR3216814_1	1	1	1	0.25	0.25	1	0.5	0.25	0.25	1
SRR3216815_1	1	1	1	0.25	0.25	1	0.5	0.25	0.25	1
SRR3216816_1	1	1	1	0.25	0.25	1	0.5	0.25	0.25	1
SRR3216817_1	1	1	1	0.25	0.25	1	0.5	0.25	0.25	1
SRR3216818_1	1	1	1	0.25	0.25	1	0.5	0.25	0.25	1
SRR3216819_1	1	1	1	0.25	0.25	1	0.5	0.25	0.25	1
SRR3216820_1	1	1	1	0.25	0.25	1	0.5	0.25	0.25	1
SRR3216821_1	1	1	1	0.25	0.25	1	0.5	0.25	0.25	1
SRR3216822_1	1	1	1	0.25	0.25	1	0.5	0.25	0.25	1
SRR3216823_1	1	1	1	0.25	0.25	1	0.5	0.25	0.25	1
SRR3216824_1	1	1	1	0.25	0.25	1	0.5	0.25	0.25	1
SRR3216825_1	1	1	1	0.25	0.25	1	0.5	0.25	0.25	1
SRR3216826_1	1	1	1	0.25	0.25	1	0.5	0.25	0.25	1
SRR3216827_1	1	1	1	0.25	0.25	1	0.5	0.25	0.25	1
SRR3216828_1	1	1	1	0.25	0.25	1	0.5	0.25	0.25	1
SRR3216829_1	1	1	1	0.25	0.25	1	0.5	0.25	0.25	1
SRR3216830_1	1	1	1	0.25	0.25	1	0.5	0.25	0.25	1
SRR3216831_1	1	1	1	0.25	0.25	1	0.5	0.25	0.25	1
SRR3216832_1	1	1	1	0.25	0.25	1	0.5	0.25	0.25	1
SRR3216833_1	1	1	1	0.25	0.25	1	0.5	0.25	0.25	1
SRR3216834_1	1	1	1	0.25	0.25	1	0.5	0.25	0.25	1
SRR3216835_1	1	1	1	0.25	0.25	1	0.5	0.25	0.25	1
SRR3216836_1	1	1	1	0.25	0.25	1	0.5	0.25	0.25	1
SRR3216837_1	1	1	1	0.25	0.25	1	0.5	0.25	0.25	1
SRR3216838_1	1	1	1	0.25	0.25	1	0.5	0.25	0.25	1
SRR3216839_1	1	1	1	0.25	0.25	1	0.5	0.25	0.25	1
SRR3216840_1	1	1	1	0.25	0.25	1	0.5	0.25	0.25	1
SRR3216841_1	1	1	1	0.25	0.25	1	0.5	0.25	0.25	1
SRR3216842_1	1	1	1	0.25	0.25	1	0.5	0.25	0.25	1
SRR3216843_1	1	1	1	0.25	0.25	1	0.5	0.25	0.25	1
SRR3216844_1	1	1	1	0.25	0.25	1	0.5	0.25	0.25	1
SRR3216845_1	1	1	1	0.25	0.25	1	0.5	0.25	0.25	1
SRR3216846_1	1	1	1	0.25	0.25	1	0.5	0.25	0.25	1
SRR3216847_1	1	1	1	0.25	0.25	1	0.5	0.25	0.25	1
SRR3216848_1	1	1	1	0.25	0.25	1	0.5	0.25	0.25	1
SRR3216849_1	1	1	1	0.25	0.25	1	0.5	0.25	0.25	1
SRR3216850_1	1	1	1	0.25	0.25	1	0.5	0.25	0.25	1
SRR3216851_1	1	1	1	0.25	0.25	1	0.5	0.25	0.25	1
SRR3216852_1	1	1	1	0.25	0.25	1	0.5	0.25	0.25	1
SRR3216853_1	1	1	1	0.25	0.25	1	0.5	0.25	0.25	1
SRR3216854_1	1	1	1	0.25	0.25	1	0.5	0.25	0.25	1
SRR3216855_1	1	1	1	0.25	0.25	1	0.5	0.25	0.25	1
SRR3216856_1	1	1	1	0.25	0.25	1	0.5	0.25	0.25	1
SRR3216857_1	1	1	1	0.25	0.25	1	0.5	0.25	0.25	1
SRR3216858_1	1	1	1	0.25	0.25	1	0.5	0.25	0.25	1
SRR3216859_1	1	1	1	0.25	0.25	1	0.5	0.25	0.25	1
SRR3216860_1	1	1	1	0.25	0.25	1	0.5	0.25	0.25	1
SRR3216861_1	1	1	1	0.25	0.25	1	0.5	0.25	0.25	1
SRR3216862_1	1	1	1	0.25	0.25	1	0.5	0.25	0.25	1
SRR3216863_1	1	1	1	0.25	0.25	1	0.5	0.25	0.25	1
SRR3216864_1	1	1	1	0.25	0.25	1	0.5	0.25	0.25	1
SRR3216865_1	1	1	1	0.25	0.25	1	0.5	0.25	0.25	1
SRR3216866_1	1	1	1	0.25	0.25	1	0.5	0.25	0.25	1
SRR3216867_1	1	1	1	0.25	0.25	1	0.5	0.25	0.25	1
SRR3216868_1	1	1	1	0.25	0.25	1	0.5	0.25	0.25	1
SRR3216869_1	1	1	1	0.25	0.25	1	0.5	0.25	0.25	1
SRR3216870_1	1	1	1	0.25	0.25	1	0.5	0.25	0.25	1
SRR3216871_1	1	1	1	0.25	0.25	1	0.5	0.25	0.25	1
SRR3216872_1	1	1	1	0.25	0.25	1	0.5	0.25	0.25	1
SRR3216873_1	1	1	1	0.25	0.25	1	0.5	0.25	0.25	1
SRR3216874_1	1	1	1	0.25	0.25	1	0.5	0.25	0.25	1
SRR3216875_1	1	1	1	0.25	0.25	1	0.5	0.25	0.25	1
SRR3216876_1	1	1	1	0.25	0.25	1	0.5	0.25	0.25	1
SRR3216877_1	1	1	1	0.25	0.25	1	0.5	0.25	0.25	1
SRR3216878_1	1	1	1	0.25	0.25	1	0.5	0.25	0.25	1
SRR3216879_1	1	1	1	0.25	0.25	1	0.5	0.25	0.25	1
SRR3216880_1	1	1	1	0.25	0.25	1	0.5	0.25	0.25	1
SRR3216881_1	1	1	1	0.25	0.25	1	0.5	0.25	0.25	1
SRR3216882_1	1	1	1	0.25	0.25	1	0.5	0.25	0.25	1
SRR3216883_1	1	1	1	0.25	0.25	1	0.5	0.25	0.25	1
SRR3216884_1	1	1	1	0.25	0.25	1	0.5	0.25	0.25	1
SRR3216885_1	1	1	1	0.25	0.25	1	0.5	0.25	0.25	1
SRR3216886_1	1	1	1	0.25	0.25	1	0.5	0.25	0.25	1
SRR3216887_1	1	1	1	0.25	0.25	1	0.5	0.25	0.25	1
SRR3216888_1	1	1	1	0.25	0.25	1	0.5	0.25	0.25	1
SRR3216889_1	1	1	1	0.25	0.25	1	0.5	0.25	0.25	1
SRR3216890_1	1	1	1	0.25	0.25	1	0.5	0.25	0.25	1
SRR3216891_1	1	1	1	0.25	0.25	1	0.5	0.25	0.25	1
SRR3216892_1	1	1	1	0.25	0.25	1	0.5	0.25	0.25	1
SRR3216893_1	1	1	1	0.25	0.25	1	0.5	0.25	0.25	1
SRR3216894_1	1	1	1	0.25	0.25	1	0.5	0.25	0.25	1
SRR3216895_1	1	1	1	0.25	0.25	1	0.5	0.25	0.25	1
SRR3216896_1	1	1	1	0.25	0.25	1	0.5	0.25	0.25	1
SRR3216897_1	1	1	1	0.25	0.25	1	0.5	0.25	0.25	1
SRR3216898_1	1	1	1	0.25	0.25	1	0.5	0.25	0.25	1
SRR3216899_1	1	1	1	0.25	0.25	1	0.5	0.25	0.25	1
SRR3216900_1	1	1	1	0.25	0.25	1	0.5	0.25	0.25	1
SRR3216901_1	1	1	1	0.25	0.25	1	0.5	0.25	0.25	1
SRR3216902_1	1	1	1	0.25	0.25	1	0.5	0.25	0.25	1
SRR3216903_1	1	1	1	0.25	0.25	1	0.5	0.25	0.25	1
SRR3216904_1	1	1	1	0.25	0.25	1	0.5	0.25	0.25	1
SRR3216905_1	1	1	1	0.25	0.25	1	0.5	0.25	0.25	1
SRR3216906_1	1	1	1	0.25	0.25	1	0.5	0.25	0.25	1
SRR3216907_1	1	1	1	0.25	0.25	1	0.5	0.25	0.25	1
SRR3216908_1	1	1	1	0.25	0.25	1	0.5	0.25	0.25	1
SRR3216909_1	1	1	1	0.25	0.25	1	0.5	0.25	0.25	1
SRR3216910_1	1	1	1	0.25	0.25	1	0.5	0.25	0.25	1
SRR3216911_1	1	1	1	0.25	0.25	1	0.5	0.25	0.25	1
SRR3216912_1	1	1	1	0.25	0.25	1	0.5	0.25	0.25	1
SRR3216913_1	1	1	1	0.25	0.25	1	0.5	0.25	0.25	1
SRR3216914_1	1	1	1	0.25	0.25	1	0.5	0.25	0.25	1
SRR3216915_1	1	1	1	0.25	0.25	1	0.5	0.25	0.25	1
SRR3216916_1	1	1	1	0.25	0.25	1	0.5	0.25	0.25	1
SRR3216917_1	1	1	1	0.25	0.25	1	0.5	0.25	0.25	1
SRR3216918_1	1	1	1	0.25	0.25	1	0.5	0.25	0.25	1
SRR3216919_1	1	1	1	0.25	0.25	1	0.5	0.25	0.25	1
SRR3216920_1	1	1	1	0.25	0.25	1	0.5	0.25	0.25	1
SRR3216921_1	1	1	1	0.25	0.25	1	0.5	0.25	0.25	1
SRR3216922_1	1	1	1	0.25	0.25	1	0.5	0.25	0.25	1
SRR3216923_1	1	1	1	0.25	0.25	1	0.5	0.25	0.25	1
SRR3216924_1	1	1	1	0.25	0.25	1	0.5	0.25	0.25	1
SRR3216925_1	1	1	1	0.25	0.25	1	0.5	0.25	0.25	1
SRR3216926_1	1	1	1	0.25	0.25	1	0.5	0.25	0.25	1
SRR3216927_1	1	1	1	0.25	0.25	1	0.5	0.25	0.25	1
SRR3216928_1	1	1	1	0.25	0.25	1	0.5	0.25	0.25	1
SRR3216929_1	1	1	1	0.25	0.25	1	0.5	0.25	0.25	1
SRR3216930_1	1	1	1	0.25	0.25	1	0.5	0.25	0.25	1
SRR3216931_1	1	1	1	0.25	0.25	1	0.5	0.25	0.25	1
SRR3216932_1	1	1	1	0.25	0.25	1	0.5	0.25	0.25	1
SRR3216933_1	1	1	1	0.25	0.25	1	0.5	0.25	0.25	1
SRR3216934_1	1	1	1	0.25	0.25	1	0.5	0.25	0.25	1
SRR3216935_1	1	1	1	0.25	0.25	1	0.5	0.25	0.25	1
SRR3216936_1	1	1	1	0.25	0.25	1	0.5	0.25	0.25	1
SRR3216937_1	1	1	1	0.25	0.25	1	0.5	0.25	0.25	1
SRR3216938_1	1	1	1	0.25	0.25	1	0.5	0.25	0.25	1
SRR3216939_1	1	1	1	0.25	0.25	1	0.5	0.25	0.25	1
SRR3216940_1	1	1	1	0.25	0.25	1	0.5	0.25	0.25	1
SRR3216941_1	1	1	1	0.25	0.25	1	0.5	0.25	0.25	1
SRR3216942_1	1	1	1	0.25	0.25	1	0.5	0.25	0.25	1
SRR3216943_1	1	1	1	0.25	0.25	1	0.5	0.25	0.25	1
SRR3216944_1	1	1	1	0.25	0.25	1	0.5	0.25	0.25	1
SRR3216945_1	1	1	1	0.25	0.25	1	0.5	0.25	0.25	1
SRR3216946_1	1	1	1	0.25	0.25	1	0.5	0.25	0.25	1
SRR3216947_1	1	1	1	0.25	0.25	1	0.5	0.25	0.25	1
SRR3216948_1	1	1	1	0.25	0.25	1	0.5	0.25	0.25	1
SRR3216949_1	1	1	1	0.25	0.25	1	0.5	0.25	0.25	1
SRR3216950_1	1	1	1	0.25	0.25	1	0.5	0.25	0.25	1
SRR3216951_1	1	1	1	0.25	0.25	1	0.5	0.25	0.25	1
SRR3216952_1	1	1	1	0.25	0.25	1	0.5	0.25	0.25	1
SRR3216953_1	1	1	1	0.25	0.25	1	0.5	0.25	0.25	1
SRR3216954_1	1	1	1	0.25	0.25	1	0.5	0.25	0.25	1
SRR3216955_1	1	1	1	0.25	0.25	1	0.5	0.25	0.25	1
SRR3216956_1	1	1	1	0.25	0.25	1	0.5	0.25	0.25	1
SRR3216957_1	1	1	1	0.25	0.25	1	0.5	0.25	0.25	1
SRR3216958_1	1	1	1	0.25	0.25	1	0.5	0.25	0.25	1
SRR3216959_1	1	1	1	0.25	0.25	1	0.5	0.25	0.25	1
SRR3216960_1	1	1	1	0.25	0.25	1	0.5	0.25	0.25	1
SRR3216961_1	1	1	1	0.25	0.25	1	0.5	0.25	0.25	1
SRR3216962_1	1	1	1	0.25	0.25	1	0.5	0.25	0.25	1
SRR3216963_1	1	1	1	0.25	0.25	1	0.5	0.25	0.25	1
SRR3216964_1	1	1	1	0.25	0.25	1	0.5	0.25	0.25	1
SRR3216965_1	1	1	1	0.25	0.25	1	0.5	0.25	0.25	1
SRR3216966_1	1	1	1	0.25	0.25	1	0.5	0.25	0.25	1
SRR3216967_1	1	1	1	0.25	0.25	1	0.5	0.25	0.25	1
SRR3216968_1	1	1	1	0.25	0.25	1	0.5	0.25	0.25	1
SRR3216969_1	1	1	1	0.25	0.25	1	0.5	0.25	0.25	1
SRR3216970_1	1	1	1	0.25	0.25	1	0.5	0.25	0.25	1
SRR3216971_1	1	1	1	0.25	0.25	1	0.5	0.25	0.25	1
SRR3216972_1	1	1	1	0.25	0.25	1	0.5	0.25	0.25	1
SRR3216973_1	1	1	1	0.25	0.25	1	0.5	0.25	0.25	1
SRR3216974_1	1	1	1	0.25	0.25	1	0.5	0.25	0.25	1
SRR3216975_1	1	1	1	0.25	0.25	1	0.5	0.25	0.25	1
SRR3216976_1	1	1	1	0.25	0.25	1	0.5	0.25	0.25	1
SRR3216977_1	1	1	1	0.25	0.25	1	0.5	0.25	0.25	1
SRR3216978_1	1	1	1	0.25	0.25	1	0.5	0.25	0.25	1
SRR3216979_1	1	1	1	0.25	0.25	1	0.5	0.25	0.25	1
SRR3216980_1	1	1	1	0.25	0.25	1	0.5	0.25	0.25	1
SRR3216981_1	1	1	1	0.25	0.25	1	0.5	0.25	0.25	1
SRR3216982_1	1	1	1	0.25	0.25	1	0.5	0.25	0.25	1
SRR3216983_1	1	1	1	0.25	0.25	1	0.5	0.25	0.25	1
SRR3216984_1	1	1	1	0.25	0.25	1	0.5	0.25	0.25	1
SRR3216985_1	1	1	1	0.25	0.25	1	0.5	0.25	0.25	1
SRR3216986_1	1	1	1	0.25	0.25	1	0.5	0.25	0.25	1
SRR3216987_1	1	1	1	0.25	0.25	1	0.5	0.25	0.25	1
SRR3216988_1	1	1	1	0.25	0.25	1	0.5	0.25	0.25	1
SRR3216989_1	1	1	1	0.25	0.25	1	0.5	0.25	0.25	1
SRR3216990_1	1	1	1	0.25	0.25	1	0.5	0.25	0.25	1
SRR3216991_1	1	1	1	0.25	0.25	1	0.5	0.25	0.25	1
SRR3216992_1	1	1	1	0.25	0.25	1	0.5	0.25	0.25	1
SRR3216993_1	1	1	1	0.25	0.25	1	0.5	0.25	0.25	1
SRR3216994_1	1	1	1	0.25	0.25	1	0.5	0.25	0.25	1
SRR3216995_1	1	1	1	0.25	0.25	1	0.5	0.25	0.25	1
SRR3216996_1	1	1	1	0.25	0.25	1	0.5	0.25	0.25	1
SRR3216997_1	1	1	1	0.25	0.25	1	0.5	0.25	0.25	1
SRR3216998_1	1	1	1	0.25	0.25	1	0.5	0.25	0.25	1
SRR3216999_1	1	1	1	0.25	0.25	1	0.5	0.25	0.25	1
SRR3217000_1	1	1	1	0.25	0.25	1	0.5	0.25	0.25	1
SRR3217001_1	1	1	1	0.25	0.25	1	0.5	0.25	0.25	1
SRR3217002_1	1	1	1	0.25	0.25	1	0.5	0.25	0.25	1
SRR3217003_1	1	1	1	0.25	0.25	1	0.5	0.25	0.25	1
SRR3217004_1	1	1	1	0.25	0.25	1	0.5	0.25	0.25	1
SRR3217005_1	1	1	1	0.25	0.25	1	0.5	0.25	0.25	1
SRR3217006_1	1	1	1	0.25	0.25	1	0.5	0.25	0.25	1
SRR3217007_1	1	1	1	0.25	0.25	1	0.5	0.25	0.25	1
SRR3217008_1	1	1	1	0.25	0.25	1	0.5	0.25	0.25	1
SRR3217009_1	1	1	1	0.25	0.25	1	0.5	0.25	0.25	1
SRR3217010_1	1	1	1	0.25	0.25	1	0.5	0.25	0.25	1
SRR3217011_1	1	1	1	0.25	0.25	1	0.5	0.25	0.25	1
SRR3217012_1	1	1	1	0.25	0.25	1	0.5	0.25	0.25	1
SRR3217013_1	1	1	1	0.25	0.25	1	0.5	0.25	0.25	1
SRR3217014_1	1	1	1	0.25	0.25	1	0.5	0.25	0.25	1
SRR3217015_1	1	1	1	0.25	0.25	1	0.5	0.25	0.25	1
SRR3217016_1	1	1	1	0.25	0.25	1	0.5	0.25	0.25	1
SRR3217017_1	1	1	1	0.25	0.25	1	0.5	0.25	0.25	1
SRR3217018_1	1	1	1	0.25	0.25	1	0.5	0.25	0.25	1
SRR3217019_1	1	1	1	0.25	0.25	1	0.5	0.25	0.25	1
SRR3217020_1	1	1	1	0.25	0.25	1	0.5	0.25	0.25	1
SRR3217021_1	1	1	1	0.25	0.25	1	0.5	0.25	0.25	1
SRR3217022_1	1	1	1	0.25	0.25	1	0.5	0.25	0.25	1
SRR3217023_1	1	1	1	0.25	0.25	1	0.5	0.25	0.25	1
SRR3217024_1	1	1	1	0.25	0.25	1	0.5	0.25	0.25	1
SRR3217025_1	1	1	1	0.25	0.25	1	0.5	0.25	0.25	1
SRR3217026_1	1	1	1	0.25	0.25	1	0.5	0.25	0.25	1
SRR3217027_1	1	1	1	0.25	0.25	1	0.5	0.25	0.25	1
SRR3217028_1	1	1	1	0.25	0.25	1	0.5	0.25	0.25	1
SRR3217029_1	1	1	1	0.25	0.25	1	0.5	0.25	0.25	1
SRR3217030_1	1	1	1	0.25	0.25	1	0.5	0.25	0.25	1
SRR3217031_1	1	1	1	0.25	0.25	1	0.5	0.25	0.25	1
SRR3217032_1	1	1	1	0.25	0.25	1	0.5	0.25	0.25	1
SRR3217033_1	1	1	1	0.25	0.25	1	0.5	0.25	0.25	1
SRR3217034_1	1	1	1	0.25	0.25	1	0.5	0.25	0.25	1
SRR3217035_1	1	1	1	0.25	0.25	1	0.5	0.25	0.25	1
SRR3217036_1	1	1	1	0.25	0.25	1	0.5	0.25	0.25	1
SRR3217037_1	1	1	1	0.25	0.25	1	0.5	0.25	0.25	1
SRR3217038_1	1	1	1	0.25	0.25	1	0.5	0.25	0.25	1
SRR3217039_1	1	1	1	0.25	0.25	1	0.5	0.25	0.25	1
SRR3217040_1	1	1	1	0.25	0.25	1	0.5	0.25	0.25	1
SRR3217041_1	1	1	1	0.25	0.25	1	0.5	0.25	0.25	1
SRR3217042_1	1	1	1	0.25	0.25	1	0.5	0.25	0.25	1
SRR3217043_1	1	1	1	0.25	0.25	1	0.5	0.25	0.25	1
SRR3217044_1	1	1	1	0.25	0.25	1	0.5	0.25	0.25	1
SRR3217045_1	1	1	1	0.25	0.25	1	0.5	0.25	0.25	1
SRR3217046_1	1	1	1	0.25	0.25	1	0.5	0.25	0.25	1
SRR3217047_1	1	1	1	0.25	0.25	1	0.5	0.25	0.25	1
SRR3217048_1	1	1	1	0.25	0.25	1	0.5	0.25	0.25	1
SRR3217049_1	1	1	1	0.25	0.25	1	0.5	0.25	0.25	1
SRR3217050_1	1	1	1	0.25	0.25	1	0.5	0.25	0.25	1
SRR3217051_1	1	1	1	0.25	0.25	1	0.5	0.25	0.25	1
SRR3217052_1	1	1	1	0.25	0.25	1	0.5	0.25	0.25	1
SRR3217053_1	1	1	1	0.25	0.25	1	0.5	0.25	0.25	1
SRR3217054_1	1	1	1	0.25	0.25	1	0.5	0.25	0.25	1
SRR3217055_1	1	1	1	0.25	0.25	1	0.5	0.25	0.25	1
SRR3217056_1	1	1	1	0.25	0.25	1	0.5	0.25	0.25	1
SRR3217057_1	1	1	1	0.25	0.25	1	0.5	0.25	0.25	1
SRR3217058_1	1	1	1	0.25	0.25	1	0.5	0.25	0.25	1
SRR3217059_1	1	1	1	0.25	0.25	1	0.5	0.25	0.25	1
SRR3217060_1	1	1	1	0.25	0.25	1	0.5	0.25	0.25	1
SRR3217061_1	1	1	1	0.25	0.25	1	0.5	0.25	0.25	1
SRR3217062_1	1	1	1	0.25	0.25	1	0.5	0.25	0.25	1
SRR3217063_1	1	1	1	0.25	0.25	1	0.5	0.25	0.25	1
SRR3217064_1	1	1	1	0.25	0.25	1	0.5	0.25	0.25	1
SRR3217065_1	1	1	1	0.25	0.25	1	0.5	0.25	0.25	1
SRR3217066_1	1	1	1	0.25	0.25	1	0.5	0.25	0.25	1
SRR3217067_1	1	1	1	0.25	0.25	1	0.5	0.25	0.25	1
SRR3217068_1	1	1	1	0.25	0.25	1	0.5	0.25	0.25	1
SRR3217069_1	1	1	1	0.25	0.25	1	0.5	0.25	0.25	1
SRR3217070_1	1	1	1	0.25	0.25	1	0.5	0.25	0.25	1
SRR3217071_1	1	1	1	0.25	0.25	1	0.5	0.25	0.25	1
SRR3217072_1	1	1	1	0.25	0.25	1	0.5	0.25	0.25	1
SRR3217073_1	1	1	1	0.25	0.25	1	0.5	0.25	0.25	1
SRR3217074_1	1	1	1	0.25	0.25	1	0.5	0.25	0.25	1
SRR3217075_1	1	1	1	0.25	0.25	1	0.5	0.25	0.25	1
SRR3217076_1	1	1	1	0.25	0.25	1	0.5	0.25	0.25	1
SRR3217077_1	1	1	1	0.25	0.25	1	0.5	0.25	0.25	1
SRR3217078_1	1	1	1	0.25	0.25	1	0.5	0.25	0.25	1
SRR3217079_1	1	1	1	0.25	0.25	1	0.5	0.25	0.25	1
SRR3217080_1	1	1	1	0.25	0.25	1	0.5	0.25	0.25	1
SRR3217081_1	1	1	1	0.25	0.25	1	0.5	0.25	0.25	1
SRR3217082_1	1	1	1	0.25	0.25	1	0.5	0.25	0.25	1
SRR3217083_1	1	1	1	0.25	0.25	1	0.5	0.25	0.25	0.5
SRR3217084_1	1	1	1	0.25	0.25	1	0.5	0.25	0.25	1
SRR3217085_1	1	1	1	0.25	0.25	1	0.5	0.25	0.25	1
SRR3217086_1	1	1	1	0.25	0.25	1	0.5	0.25	0.25	1
SRR3217087_1	1	1	1	0.25	0.25	1	0.5	0.25	0.25	1
SRR3217088_1	1	1	1	0.25	0.25	1	0.5	0.25	0.25	1
SRR3217089_1	1	1	1	0.25	0.25	1	0.5	0.25	0.25	1
SRR3217090_1	1	1	1	0.25	0.25	1	0.5	0.25	0.25	1
SRR3217091_1	1	1	1	0.25	0.25	1	0.5	0.25	0.25	1
SRR3217092_1	1	1	1	0.25	0.25	1	0.5	0.25	0.25	1
SRR3217093_1	1	1	1	0.25	0.25	1	0.5	0.25	0.25	1
SRR3217094_1	1	1	1	0.25	0.25	1	0.5	0.25	0.25	1
SRR3217095_1	1	1	1	0.25	0.25	1	0.5	0.25	0.25	1
SRR3217096_1	1	1	1	0.25	0.25	1	0.5	0.25	0.25	1
SRR3217097_1	1	1	1	0.25	0.25	1	0.5	0.25	0.25	1
SRR3217098_1	1	1	1	0.25	0.25	1	0.5	0.25	0.25	1
SRR3217099_1	1	1	1	0.25	0.25	1	0.5	0.25	0.25	1
SRR3217100_1	1	1	1	0.25	0.25	1	0.5	0.25	0.25	1
SRR3217101_1	1	1	1	0.25	0.25	1	0.5	0.25	0.25	1
SRR3217102_1	1	1	1	0.25	0.25	1	0.5	0.25	0.25	1
SRR3217103_1	1	1	1	0.25	0.25	1	0.5	0.25	0.25	1
SRR3217104_1	1	1	1	0.25	0.25	1	0.5	0.25	0.25	1
SRR3217105_1	1	1	1	0.25	0.25	1	0.5	0.25	0.25	1
SRR3217106_1	1	1	1	0.25	0.25	1	0.5	0.25	0.25	1
SRR3217107_1	1	1	1	0.25	0.25	1	0.5	0.25	0.25	1
SRR3217108_1	1	1	1	0.25	0.25	1	0.5	0.25	0.25	1
SRR3217109_1	1	1	1	0.25	0.25	1	0.5	0.25	0.25	1
SRR3217110_1	1	1	1	0.25	0.25	1	0.5	0.25	0.25	1
SRR3217111_1	1	1	1	0.25	0.25	1	0.5	0.25	0.25	1
SRR3217112_1	1	1	1	0.25	0.25	1	0.5	0.25	0.25	1
SRR3217113_1	1	1	1	0.25	0.25	1	0.5	0.25	0.25	1
SRR3217114_1	1	1	1	0.25	0.25	1	0.5	0.25	0.25	1
SRR3217115_1	1	1	1	0.25	0.25	1	0.5	0.25	0.25	1
SRR3217116_1	1	1	1	0.25	0.25	1	0.5	0.25	0.25	1
SRR3217117_1	1	1	1	0.25	0.25	1	0.5	0.25	0.25	1
SRR3217118_1	1	1	1	0.25	0.25	1	0.5	0.25	0.25	1
SRR3217119_1	1	1	1	0.25	0.25	1	0.5	0.25	0.25	1
SRR3217120_1	1	1	1	0.25	0.25	1	0.5	0.25	0.25	1
SRR3217121_1	1	1	1	0.25	0.25	1	0.5	0.25	0.25	1
SRR3217122_1	1	1	1	0.25	0.25	1	0.5	0.25	0.25	1
SRR3217123_1	1	1	1	0.25	0.25	1	0.5	0.25	0.25	1
SRR3217124_1	1	1	1	0.25	0.25	1	0.5	0.25	0.25	1
SRR3217125_1	1	1	1	0.25	0.25	1	0.5	0.25	0.25	1
SRR3217126_1	1	1	1	0.25	0.25	1	0.5	0.25	0.25	1
SRR3217127_1	1	1	1	0.25	0.25	1	0.5	0.25	0.25	1
SRR3217128_1	1	1	1	0.25	0.25	1	0.5	0.25	0.25	1
SRR3217129_1	1	1	1	0.25	0.25	1	0.5	0.25	0.25	1
SRR3217130_1	1	1	1	0.25	0.25	1	0.5	0.25	0.25	1
SRR3217131_1	1	1	1	0.25	0.25	1	0.5	0.25	0.25	1
SRR3217132_1	1	1	1	0.25	0.25	1	0.5	0.25	0.25	1
SRR3217133_1	1	1	1	0.25	0.25	1	0.5	0.25	0.25	1
SRR3217134_1	1	1	1	0.25	0.25	1	0.5	0.25	0.25	1
SRR3217135_1	1	1	1	0.25	0.25	1	0.5	0.25	0.25	1
SRR3217136_1	1	1	1	0.25	0.25	1	0.5	0.25	0.25	1
SRR3217137_1	1	1	1	0.25	0.25	1	0.5	0.25	0.25	1
SRR3217138_1	1	1	1	0.25	0.25	1	0.5	0.25	0.25	1
SRR3217139_1	1	1	1	0.25	0.25	1	0.5	0.25	0.25	1
SRR3217140_1	1	1	1	0.25	0.25	1	0.5	0.25	0.25	1
SRR3217141_1	1	1	1	0.25	0.25	1	0.5	0.25	0.25	1
SRR3217142_1	1	1	1	0.25	0.25	1	0.5	0.25	0.25	1
SRR3217143_1	1	1	1	0.25	0.25	1	0.5	0.25	0.25	1
SRR3217144_1	1	1	1	0.25	0.25	1	0.5	0.25	0.25	1
SRR3217145_1	1	1	1	0.25	0.25	1	0.5	0.25	0.25	1
SRR3217146_1	1	1	1	0.25	0.25	1	0.5	0.25	0.25	1
SRR3217147_1	1	1	1	0.25	0.25	1	0.5	0.25	0.25	1
SRR3217148_1	1	1	1	0.25	0.25	1	0.5	0.25	0.25	1
SRR3217149_1	1	1	1	0.25	0.25	1	0.5	0.25	0.25	1
SRR3217150_1	1	1	1	0.25	0.25	1	0.5	0.25	0.25	1
SRR3217151_1	1	1	1	0.25	0.25	1	0.5	0.25	0.25	1
SRR3217152_1	1	1	1	0.25	0.25	1	0.5	0.25	0.25	1
SRR3217153_1	1	1	1	0.25	0.25	1	0.5	0.25	0.25	1
SRR3217154_1	1	1	1	0.25	0.25	1	0.5	0.25	0.25	1
SRR3217155_1	1	1	1	0.25	0.25	1	0.5	0.25	0.25	1
SRR3217156_1	1	1	1	0.25	0.25	1	0.5	0.25	0.25	1
SRR3217157_1	1	1	1	0.25	0.25	1	0.5	0.25	0.25	1
SRR3217158_1	1	1	1	0.25	0.25	1	0.5	0.25	0.25	1
SRR3217159_1	1	1	1	0.25	0.25	1	0.5	0.25	0.25	1
SRR3217160_1	1	1	1	0.25	0.25	1	0.5	0.25	0.25	1
SRR3217161_1	1	1	1	0.25	0.25	1	0.5	0.25	0.25	1
SRR3217162_1	1	1	1	0.25	0.25	1	0.5	0.25	0.25	1
SRR3217163_1	1	1	1	0.25	0.25	1	0.5	0.25	0.25	1
SRR3217164_1	1	1	1	0.25	0.25	1	0.5	0.25	0.25	1
SRR3217165_1	1	1	1	0.25	0.25	1	0.5	0.25	0.25	1
SRR3217166_1	1	1	1	0.25	0.25	1	0.5	0.25	0.25	1
SRR3217167_1	1	1	1	0.25	0.25	1	0.5	0.25	0.25	1
SRR3217168_1	1	1	1	0.25	0.25	1	0.5	0.25	0.25	1
SRR3217169_1	1	1	1	0.25	0.25	1	0.5	0.25	0.25	1
SRR3217170_1	1	1	1	0.25	0.25	1	0.5	0.25	0.25	1
SRR3217171_1	1	1	1	0.25	0.25	1	0.5	0.25	0.25	1
SRR3217172_1	1	1	1	0.25	0.25	1	0.5	0.25	0.25	1
SRR3217173_1	1	1	1	0.25	0.25	1	0.5	0.25	0.25	1
SRR3217174_1	1	1	1	0.25	0.25	1	0.5	0.25	0.25	1
SRR3217175_1	1	1	1	0.25	0.25	1	0.5	0.25	0.25	1
SRR3217176_1	1	1	1	0.25	0.25	1	0.5	0.25	0.25	1
SRR3217177_1	1	1	1	0.25	0.25	1	0.5	0.25	0.25	1
SRR3217178_1	1	1	1	0.25	0.25	1	0.5	0.25	0.25	1
SRR3217179_1	1	1	1	0.25	0.25	1	0.5	0.25	0.25	1
SRR3217180_1	1	1	1	0.25	0.25	1	0.5	0.25	0.25	1
SRR3217181_1	1	1	1	0.25	0.25	1	0.5	0.25	0.25	1
SRR3217182_1	1	1	1	0.25	0.25	1	0.5	0.25	0.25	1
SRR3217183_1	1	1	1	0.25	0.25	1	0.5	0.25	0.25	1
SRR3217184_1	1	1	1	0.25	0.25	1	0.5	0.25	0.25	1
SRR3217185_1	1	1	1	0.25	0.25	1	0.5	0.25	0.25	1
SRR3217186_1	1	1	1	0.25	0.25	1	0.5	0.25	0.25	1
SRR3217187_1	1	1	1	0.25	0.25	1	0.5	0.25	0.25	1
SRR3217188_1	1	1	1	0.25	0.25	1	0.5	0.25	0.25	1
SRR3217189_1	1	1	1	0.25	0.25	1	0.5	0.25	0.25	1
SRR3217190_1	1	1	1	0.25	0.25	1	0.5	0.25	0.25	1
SRR3217191_1	1	1	1	0.25	0.25	1	0.5	0.25	0.25	1
SRR3217192_1	1	1	1	0.25	0.25	1	0.5	0.25	0.25	1
SRR3217193_1	1	1	1	0.25	0.25	1	0.5	0.25	0.25	1
SRR3217194_1	1	1	1	0.25	0.25	1	0.5	0.25	0.25	1
SRR3217195_1	1	1	1	0.25	0.25	1	0.5	0.25	0.25	1
SRR3217196_1	1	1	1	0.25	0.25	1	0.5	0.25	0.25	1
SRR3217197_1	1	1	1	0.25	0.25	1	0.5	0.25	0.25	1
SRR3217198_1	1	1	1	0.25	0.25	1	0.5	0.25	0.25	1
SRR3217199_1	1	1	1	0.25	0.25	1	0.5	0.25	0.25	1
SRR3217200_1	1	1	1	0.25	0.25	1	0.5	0.25	0.25	1
SRR3217201_1	1	1	1	0.25	0.25	1	0.5	0.25	0.25	1
SRR3217202_1	1	1	1	0.25	0.25	1	0.5	0.25	0.25	1
SRR3217203_1	1	1	1	0.25	0.25	1	0.5	0.25	0.25	1
SRR3217204_1	1	1	1	0.25	0.25	1	0.5	0.25	0.25	1
SRR3217205_1	1	1	1	0.25	0.25	1	0.5	0.25	0.25	1
SRR3217206_1	1	1	1	0.25	0.25	1	0.5	0.25	0.25	1
SRR3217207_1	1	1	1	0.25	0.25	1	0.5	0.25	0.25	1
SRR3217208_1	1	1	1	0.25	0.25	1	0.5	0.25	0.25	1
SRR3217209_1	1	1	1	0.25	0.25	1	0.5	0.25	0.25	1
SRR3217210_1	1	1	1	0.25	0.25	1	0.5	0.25	0.25	1
SRR3217211_1	1	1	1	0.25	0.25	1	0.5	0.25	0.25	1
SRR3217212_1	1	1	1	0.25	0.25	1	0.5	0.25	0.25	1
SRR3217213_1	1	1	1	0.25	0.25	1	0.5	0.25	0.25	1
SRR3217214_1	1	1	1	0.25	0.25	1	0.5	0.25	0.25	1
SRR3217215_1	1	1	1	0.25	0.25	1	0.5	0.25	0.25	1
SRR3217216_1	1	1	1	0.25	0.25	1	0.5	0.25	0.25	1
SRR3217217_1	1	1	1	0.25	0.25	1	0.5	0.25	0.25	1
SRR3217218_1	1	1	1	0.25	0.25	1	0.5	0.25	0.25	1
SRR3217219_1	1	1	1	0.25	0.25	1	0.5	0.25	0.25	1
SRR3217220_1	1	1	1	0.25	0.25	1	0.5	0.25	0.25	1
SRR3217221_1	1	1	1	0.25	0.25	1	0.5	0.25	0.25	1
SRR3217222_1	1	1	1	0.25	0.25	1	0.5	0.25	0.25	1
SRR3217223_1	1	1	1	0.25	0.25	1	0.5	0.25	0.25	1
SRR3217224_1	1	1	1	0.25	0.25	1	0.5	0.25	0.25	1
SRR3217225_1	1	1	1	0.25	0.25	1	0.5	0.25	0.25	1
SRR3217226_1	1	1	1	0.25	0.25	1	0.5	0.25	0.25	1
SRR3217227_1	1	1	1	0.25	0.25	1	0.5	0.25	0.25	1
SRR3217228_1	1	1	1	0.25	0.25	1	0.5	0.25	0.25	1
SRR3217229_1	1	1	1	0.25	0.25	1	0.5	0.25	0.25	1
SRR3217230_1	1	1	1	0.25	0.25	1	0.5	0.25	0.25	1
SRR3217231_1	1	1	1	0.25	0.25	1	0.5	0.25	0.25	1
SRR3217232_1	1	1	1	0.25	0.25	1	0.5	0.25	0.25	1
SRR3217233_1	1	1	1	0.25	0.25	1	0.5	0.25	0.25	1
