Sample	fastqc-percent_duplicates	fastqc-percent_gc	fastqc-avg_sequence_length	fastqc-median_sequence_length	fastqc-percent_fails	fastqc-total_sequences
SRR3216589_1	97.78781741704316	51.0	252.27052500389468	252	40.0	0.012837999999999999
SRR3216590_1	97.39644970414201	51.0	252.16089295320066	252	40.0	0.009295
SRR3216591_1	97.83847336528896	51.0	252.13570588767297	252	40.0	0.011056999999999999
SRR3216592_1	98.08259587020649	51.0	251.8846153846154	252	40.0	0.017627999999999998
SRR3216593_1	92.25782890532274	53.0	252.23797133205514	252	40.0	0.010953
SRR3216594_1	93.2052847785056	52.0	252.4285000555124	252	40.0	0.009007
SRR3216595_1	95.5915521837195	51.0	251.87625589501744	252	40.0	0.004876999999999999
SRR3216596_1	96.44901144640998	51.0	252.09261186264308	252	40.0	0.0076879999999999995
SRR3216597_1	96.23964308476737	52.0	252.22799921557092	252	40.0	0.020397
SRR3216598_1	97.5897510133179	51.0	251.4299363057325	252	40.0	0.013816
SRR3216599_1	95.42861489313151	52.0	252.25553358180574	252	40.0	0.013146999999999999
SRR3216600_1	94.48473859171955	51.0	252.16938652160775	252	40.0	0.006618
SRR3216601_1	97.84020327498588	52.0	252.35127046866177	252	40.0	0.03542
SRR3216602_1	97.61239522479045	52.0	252.2248327829989	252	40.0	0.023622
SRR3216603_1	96.82612394476801	56.0	251.66877167724624	252	40.0	0.015281
SRR3216604_1	95.69133398247322	53.0	251.73369036027265	252	40.0	0.008216
SRR3216605_1	94.36870938973118	52.0	252.2936042808001	252	40.0	0.007849
SRR3216606_1	95.74508681549322	52.0	252.24184315970234	252	40.0	0.010482
SRR3216607_1	96.66719069328722	51.0	251.96486401509196	252	40.0	0.0063609999999999995
SRR3216610_1	97.13955026455027	50.0	252.14252645502646	252	40.0	0.0060479999999999996
SRR3216612_1	88.4070540618676	52.0	252.15250072275225	252	40.0	0.006918
SRR3216613_1	97.42657232082856	51.0	252.33642329129935	252	40.0	0.025297
SRR3216614_1	97.53971440041292	52.0	252.1903137007513	252	40.0	0.017436999999999998
SRR3216615_1	96.71955403087479	52.0	251.357132647227	252	40.0	0.013992
SRR3216616_1	95.24720893141946	53.0	253.35933014354066	254	40.0	0.0062699999999999995
SRR3216617_1	92.39011986923356	53.0	252.5118053033055	252	40.0	0.011012
SRR3216618_1	93.71825052657664	53.0	252.989158716392	254	40.0	0.008071
SRR3216619_1	95.64496823496916	52.0	252.083279624344	252	40.0	0.010860999999999999
SRR3216620_1	96.64387464387464	52.0	252.34934472934472	252	40.0	0.01755
SRR3216621_1	96.22482717162609	51.0	252.44253080853622	252	40.0	0.016635
SRR3216622_1	97.36177378613527	50.0	252.24160351763496	252	40.0	0.010688999999999999
SRR3216623_1	94.81912071787347	53.0	252.27278627462047	252	40.0	0.017719
SRR3216624_1	89.96131134188556	53.0	252.47882305029526	252	40.0	0.004911
SRR3216625_1	97.67107156875572	52.0	252.04747263291029	252	40.0	0.022928999999999998
SRR3216626_1	97.38847628755886	52.0	252.04011941167906	252	40.0	0.020600999999999998
SRR3216627_1	96.91444600280505	52.0	252.74115840946135	252	40.0	0.026380999999999998
SRR3216628_1	93.85867554568998	52.0	252.3490566037736	252	40.0	0.008109
SRR3216629_1	93.8610595753453	53.0	251.427540713255	252	40.0	0.024255
SRR3216630_1	93.62921239195882	53.0	252.71559677575993	252	40.0	0.010296999999999999
SRR3216631_1	97.76553731033049	51.0	252.03294533361048	252	40.0	0.009622
SRR3216632_1	96.28024272992356	51.0	252.30644652848923	252	40.0	0.012688999999999999
SRR3216633_1	97.38620002215085	51.0	252.13665226861593	252	40.0	0.027087
SRR3216634_1	96.6195822769528	51.0	252.1170469636605	252	40.0	0.008283
SRR3216635_1	94.97913492746903	52.0	251.46565542823078	252	40.0	0.015097
SRR3216636_1	92.13931551578183	52.0	252.1565485548434	252	40.0	0.008269
SRR3216637_1	96.16149795201872	51.0	252.374078408426	252	40.0	0.008544999999999999
SRR3216638_1	96.26106486986392	51.0	252.482560443916	252	40.0	0.007568999999999999
SRR3216639_1	96.63709215798512	53.0	252.61782102652165	252	40.0	0.020964
SRR3216640_1	94.7517315383865	53.0	252.92864110818456	252	40.0	0.010251
SRR3216641_1	93.93224271029159	53.0	252.3582456701732	252	40.0	0.025001
SRR3216642_1	93.37188434695912	53.0	252.5381256231306	252	40.0	0.025075
SRR3216643_1	96.35784517379864	52.0	251.99951530258966	252	40.0	0.007221
SRR3216644_1	97.35979690745442	52.0	251.98866835910454	252	40.0	0.021665
SRR3216645_1	97.66361285232105	52.0	252.1131153289791	252	40.0	0.022813
SRR3216646_1	95.61500553152972	53.0	252.08825304234134	252	40.0	0.009942999999999999
SRR3216647_1	92.64207753105006	53.0	252.4548362815205	252	40.0	0.010628
SRR3216648_1	95.19664135333704	53.0	251.50515527566833	252	40.0	0.032394
SRR3216649_1	95.3514199587498	53.0	252.027526574647	252	40.0	0.006303
SRR3216650_1	96.66436092537084	52.0	252.13892091307355	252	40.0	0.013011
SRR3216651_1	92.28903357589685	53.0	251.79503383122687	252	40.0	0.007833
SRR3216652_1	95.3083109919571	52.0	251.77613941018768	252	40.0	0.008952
SRR3216653_1	91.63193865644274	53.0	252.1262710451742	252	40.0	0.005999
SRR3216654_1	94.70518915843797	53.0	252.09689544475597	252	40.0	0.024609
SRR3216655_1	95.31554539955643	52.0	252.04432421533704	252	40.0	0.014879
SRR3216656_1	93.66879541951113	52.0	252.07201057035894	252	40.0	0.018164
SRR3216657_1	97.64209652883419	50.0	251.97849536716913	252	40.0	0.014462
SRR3216658_1	96.53225806451613	51.0	252.06244239631337	252	40.0	0.00868
SRR3216659_1	93.28732292045042	53.0	252.31707228478024	252	40.0	0.013765
SRR3216660_1	93.98487355235169	50.0	245.23292365870952	252	40.0	0.025386
SRR3216661_1	95.24485450674237	52.0	251.85244854506743	252	40.0	0.007045
SRR3216662_1	96.0106235821391	52.0	252.01408177945	252	40.0	0.018073
SRR3216663_1	97.43864824996648	50.0	251.96278664342228	252	40.0	0.014914
SRR3216664_1	95.8296557811121	51.0	252.27846425419241	252	40.0	0.004532
SRR3216665_1	92.98002005708555	52.0	252.50817711949395	252	40.0	0.012962999999999999
SRR3216666_1	93.18328270275246	52.0	251.29365736905092	252	40.0	0.021726
SRR3216667_1	97.29298058809076	50.0	251.62568596936686	252	40.0	0.024418
SRR3216668_1	96.48064905163908	51.0	252.4157987062822	252	40.0	0.009120999999999999
SRR3216669_1	97.93112310460036	51.0	252.2183243382164	252	40.0	0.015564
SRR3216670_1	95.02787268476892	51.0	251.91809027153388	252	40.0	0.011122
SRR3216671_1	94.176944971537	52.0	252.6928368121442	252	40.0	0.016864
SRR3216672_1	94.5266911605792	52.0	252.2862545926086	252	40.0	0.037016
SRR3216673_1	96.29733258720388	52.0	252.19128893863086	252	40.0	0.021443999999999998
SRR3216674_1	95.00356887937188	51.0	252.1585296216988	252	40.0	0.007005
SRR3216675_1	95.8136316457156	51.0	252.24535809018568	252	40.0	0.008671
SRR3216676_1	93.91681109185441	52.0	251.98734835355285	252	40.0	0.00577
SRR3216677_1	93.67733601263097	52.0	251.48291947753697	252	40.0	0.013934
SRR3216678_1	94.43888491779843	52.0	252.00879199428164	252	40.0	0.013989999999999999
SRR3216679_1	97.01882057716436	53.0	251.8005771643664	252	40.0	0.019925
SRR3216680_1	94.8121387283237	53.0	251.7320809248555	252	40.0	0.00692
SRR3216681_1	95.7513472866274	52.0	252.41327233989222	252	40.0	0.015958
SRR3216682_1	89.67556606961811	53.0	251.8805339641771	252	40.0	0.005918
SRR3216683_1	92.50609968630185	52.0	252.2820378761473	252	40.0	0.008607
SRR3216684_1	92.31581726960655	52.0	251.41114338526538	252	40.0	0.011361
SRR3216685_1	97.60028231972709	54.0	252.01252793788967	252	40.0	0.008501
SRR3216686_1	96.02862878589508	53.0	251.9956794972506	252	40.0	0.011457
SRR3216687_1	97.92966042966043	51.0	251.5477304227304	252	40.0	0.011543999999999999
SRR3216688_1	95.28599836238156	51.0	251.56182009591765	252	40.0	0.008549
SRR3216689_1	92.8936034455256	52.0	252.12051363853885	252	40.0	0.012537999999999999
SRR3216690_1	93.19444444444444	52.0	252.3482323232323	252	40.0	0.00792
SRR3216691_1	95.25550622442762	52.0	252.2572908505267	252	40.0	0.011486999999999999
SRR3216692_1	96.36948045104859	52.0	252.18194751817893	252	40.0	0.018978
SRR3216693_1	95.56407092290706	50.0	251.82610248749756	252	40.0	0.015397
SRR3216694_1	95.95192915876028	51.0	251.971853257432	252	40.0	0.006324
SRR3216695_1	94.71574728404177	52.0	252.13653623035546	252	40.0	0.009481
SRR3216696_1	94.9238578680203	53.0	251.98941011727638	252	40.0	0.022851999999999997
SRR3216697_1	94.20455846982018	53.0	252.0166647577597	252	40.0	0.017462
SRR3216698_1	95.95918087802205	53.0	251.93113485377714	252	40.0	0.014601
SRR3216699_1	96.55958754709498	55.0	253.43813206424747	254	40.0	0.010086
SRR3216700_1	96.81279063691937	54.0	253.54550916975808	254	40.0	0.019139
SRR3216701_1	93.28772979905943	54.0	252.19588143081089	252	40.0	0.014034
SRR3216702_1	93.38420450209844	54.0	252.27458985120182	252	40.0	0.013104999999999999
SRR3216703_1	96.85541107599855	51.0	251.91242293943947	252	40.0	0.019303
SRR3216704_1	97.31067910564445	51.0	252.0439620576432	252	40.0	0.019187
SRR3216705_1	96.5940575140919	54.0	253.46866341836247	254	40.0	0.020933999999999998
SRR3216706_1	96.46198515969459	54.0	253.32320679642973	254	40.0	0.018598
SRR3216707_1	92.44377325926325	53.0	252.3370098700178	252	40.0	0.018541
SRR3216708_1	92.29664384545411	53.0	252.15145784459233	252	40.0	0.020887
SRR3216709_1	93.84120024662602	53.0	252.19788312666986	252	40.0	0.014596999999999999
SRR3216710_1	93.00217803695637	53.0	251.9847186116771	252	40.0	0.014232999999999999
SRR3216711_1	96.57360406091371	54.0	252.951269035533	254	40.0	0.00788
SRR3216712_1	96.84071278499728	54.0	253.47439887946464	254	40.0	0.012851
SRR3216713_1	92.45856773604987	53.0	251.48183062186408	252	40.0	0.013153999999999999
SRR3216714_1	92.80183226087905	53.0	252.25329916021377	252	40.0	0.009169
SRR3216715_1	96.62885136006187	51.0	251.52945726440635	252	40.0	0.015514
SRR3216716_1	97.12395428946361	51.0	251.9755317403904	252	40.0	0.018289
SRR3216717_1	96.29355077835433	51.0	251.99444032616753	252	40.0	0.012140999999999999
SRR3216718_1	95.4431050470261	51.0	251.47271161743276	252	40.0	0.015097999999999999
SRR3216719_1	92.85222507354322	52.0	251.19722100519496	252	40.0	0.015976999999999998
SRR3216720_1	92.68239722061378	54.0	250.95870729588881	252	40.0	0.013816
SRR3216721_1	93.25273894975444	52.0	252.25715904797883	252	40.0	0.013235
SRR3216722_1	93.24232081911263	52.0	252.17952218430034	252	40.0	0.00586
SRR3216723_1	94.97176660392579	51.0	252.16442592094648	252	40.0	0.0037189999999999996
SRR3216724_1	96.13857813063876	51.0	252.24233128834356	252	40.0	0.005542
SRR3216725_1	89.83321909984008	53.0	252.24548777701622	252	40.0	0.004377
SRR3216726_1	90.74315514993481	52.0	252.2605784046462	252	40.0	0.008437
SRR3216727_1	93.31141737261348	52.0	251.96036161335186	252	40.0	0.007909
SRR3216728_1	94.44444444444444	52.0	251.94970906068164	252	40.0	0.007218
SRR3216729_1	95.8490160232283	53.0	252.74647811592644	252	40.0	0.009299
SRR3216730_1	95.63978965819456	53.0	252.7541630148992	254	40.0	0.009127999999999999
SRR3216731_1	91.27304874968426	55.0	251.89176559737308	252	40.0	0.007918
SRR3216732_1	89.56008925725214	55.0	252.10631176283073	252	40.0	0.006274
SRR3216733_1	93.44984370559818	51.0	252.08454106280195	252	40.0	0.007038
SRR3216734_1	93.18984473912174	52.0	252.14216698873858	252	40.0	0.015007
SRR3216735_1	96.9000853970965	50.0	251.83304867634502	252	40.0	0.01171
SRR3216736_1	97.65118550750377	50.0	251.95191368439748	252	40.0	0.022522
SRR3216737_1	92.57504648897547	53.0	251.36885681395555	252	40.0	0.022586
SRR3216738_1	91.32782719186785	53.0	252.28229563744176	252	40.0	0.009444
SRR3216739_1	93.35895162084934	53.0	251.34579761552862	252	40.0	0.010149
SRR3216740_1	93.23249783923941	53.0	251.82273120138288	252	40.0	0.011569999999999999
SRR3216741_1	95.60360595766919	50.0	252.09315390645415	252	40.0	0.015307999999999999
SRR3216742_1	94.63717730601375	51.0	252.05810341001555	252	40.0	0.013519
SRR3216743_1	92.15959983714302	52.0	251.9282556854534	252	40.0	0.017193
SRR3216744_1	90.58948325503864	53.0	252.0029549931808	252	40.0	0.006599
SRR3216745_1	93.83603548485776	54.0	251.8256347506883	252	40.0	0.013075999999999999
SRR3216746_1	94.6544207897744	54.0	251.79385872095483	252	40.0	0.023627
SRR3216747_1	94.12654198169518	54.0	251.65543175487466	252	40.0	0.012565
SRR3216748_1	97.98561940831	51.0	251.9619902299797	252	40.0	0.018219
SRR3216749_1	94.62093405897987	53.0	252.35368940640424	252	40.0	0.007901
SRR3216750_1	94.60983863848153	55.0	251.98354504880083	252	40.0	0.020388999999999997
SRR3216751_1	95.78254293086573	53.0	251.9853634665006	252	40.0	0.011238999999999999
SRR3216752_1	96.57720003740765	51.0	251.7058823529412	252	40.0	0.010693
SRR3216753_1	99.12928581108551	51.0	251.57361261688575	252	40.0	0.059031999999999994
SRR3216754_1	98.77999351491569	51.0	252.17153047989623	252	40.0	0.024672
SRR3216755_1	96.76513229430954	49.0	253.8791228706053	254	40.0	0.011035999999999999
SRR3216756_1	91.48244473342002	53.0	252.4557867360208	252	40.0	0.0061519999999999995
SRR3216757_1	93.15945465323058	55.0	252.20385299347956	252	40.0	0.008435
SRR3216758_1	95.19238794758367	55.0	251.34471246139722	252	40.0	0.011980999999999999
SRR3216759_1	97.72394077114792	52.0	252.63883594780825	252	40.0	0.027284
SRR3216760_1	95.9827552420145	52.0	252.64383695865178	252	40.0	0.005103
SRR3216761_1	92.0189226308561	54.0	252.49755837021212	252	40.0	0.006553
SRR3216762_1	93.32331831079954	54.0	252.55725254548489	252	40.0	0.011982
SRR3216763_1	95.29875366568915	51.0	252.03592375366568	252	40.0	0.010912
SRR3216764_1	96.01606208265656	52.0	252.06172171088252	252	40.0	0.022164
SRR3216765_1	97.8347238776321	51.0	252.18454509336513	252	40.0	0.015101999999999999
SRR3216766_1	97.56919374247894	51.0	251.44039310068192	252	40.0	0.012464999999999999
SRR3216767_1	92.35159817351598	53.0	252.34267330842673	252	40.0	0.009635999999999999
SRR3216768_1	92.75446133509584	53.0	252.37376074025116	252	40.0	0.012104
SRR3216769_1	90.93895428415001	52.0	251.10484533260333	252	40.0	0.003653
SRR3216770_1	95.49512570549	51.0	251.45808106721395	252	40.0	0.009745
SRR3216771_1	97.45377707342843	51.0	252.51415742208135	252	40.0	0.009465
SRR3216772_1	98.47008938803576	51.0	252.30919092367637	252	40.0	0.017452
SRR3216773_1	94.54621322762361	52.0	252.28101397871896	252	40.0	0.023965
SRR3216774_1	93.63505934524586	52.0	251.4387309247424	252	40.0	0.015333999999999999
SRR3216775_1	96.60981552384267	51.0	252.01541942220675	252	40.0	0.02873
SRR3216776_1	93.02524604193411	52.0	252.1285836542576	252	40.0	0.004674
SRR3216777_1	97.89762885982202	50.0	252.06256345935614	252	40.0	0.016743
SRR3216778_1	96.6802860061287	50.0	252.0097037793667	252	40.0	0.003916
SRR3216779_1	92.33406808719079	52.0	252.16299289737938	252	40.0	0.008166
SRR3216780_1	91.69326586220319	52.0	251.50280264694433	252	40.0	0.012844999999999999
SRR3216781_1	96.08217869087434	54.0	251.50785531603947	252	40.0	0.035581
SRR3216782_1	93.67447595561036	54.0	252.3125770653514	252	40.0	0.00811
SRR3216783_1	95.82868876503373	51.0	251.45520680551482	252	40.0	0.017044999999999998
SRR3216784_1	96.93051890941074	51.0	252.13289357959542	252	40.0	0.01137
SRR3216785_1	93.43076360979174	53.0	252.38995250274021	252	40.0	0.013685
SRR3216786_1	91.5576323987539	54.0	252.86168224299067	252	40.0	0.0064199999999999995
SRR3216787_1	98.23666569513261	51.0	251.6028417371029	252	40.0	0.03431
SRR3216788_1	96.7913490515866	51.0	251.42284169473498	252	40.0	0.011281999999999999
SRR3216789_1	96.24853458382181	51.0	252.14093116730865	252	40.0	0.005971
SRR3216790_1	95.54385084859126	52.0	252.20788395619095	252	40.0	0.011961
SRR3216791_1	93.93576884144659	53.0	251.47867396705624	252	40.0	0.021734
SRR3216792_1	92.70440251572327	53.0	252.2916142557652	252	40.0	0.00477
SRR3216793_1	97.25919319429198	51.0	251.98305433589462	252	40.0	0.029151999999999997
SRR3216794_1	93.68861024033438	52.0	252.080355276907	252	40.0	0.00957
SRR3216795_1	97.66937669376694	52.0	252.58943089430895	252	40.0	0.018449999999999998
SRR3216796_1	97.60659516000355	51.0	252.26686463965962	252	40.0	0.011281
SRR3216797_1	91.61157472634659	53.0	251.7240164733933	252	40.0	0.009226999999999999
SRR3216798_1	92.54096356077281	53.0	251.90180973343115	252	40.0	0.008178
SRR3216799_1	96.67172160587437	51.0	251.9484795274962	252	40.0	0.012529
SRR3216800_1	96.7365028203062	51.0	252.0976363147999	252	40.0	0.0074459999999999995
SRR3216801_1	96.61829858147381	52.0	252.33124009267164	252	40.0	0.024603
SRR3216802_1	96.36068613815485	51.0	252.1874130737135	252	40.0	0.017256
SRR3216803_1	91.27059569074778	53.0	252.00665399239543	252	50.0	0.006312
SRR3216804_1	91.98039215686275	53.0	252.1321568627451	252	40.0	0.0050999999999999995
SRR3216805_1	95.26908635794743	53.0	252.15690446391324	252	40.0	0.011984999999999999
SRR3216806_1	92.92767217970871	53.0	251.47284621081215	252	40.0	0.008102
SRR3216807_1	93.53139904610492	52.0	251.31130763116056	252	40.0	0.010064
SRR3216808_1	90.90166167256878	53.0	251.87918823208935	252	40.0	0.007342
SRR3216809_1	91.29620963968179	53.0	252.17212603338012	252	40.0	0.006411
SRR3216810_1	92.72592592592592	54.0	251.7871111111111	252	40.0	0.00675
SRR3216811_1	95.7668439716312	51.0	252.145390070922	252	40.0	0.009023999999999999
SRR3216812_1	96.77365891387217	51.0	252.0772609248108	252	40.0	0.018101
SRR3216813_1	97.9783140958377	50.0	252.09006645680307	252	40.0	0.014294999999999999
SRR3216814_1	97.47281810167499	50.0	251.8413654618474	252	40.0	0.010209
SRR3216815_1	91.99393688852143	53.0	252.12105553258922	252	40.0	0.0072569999999999996
SRR3216816_1	96.96099712905259	50.0	251.42959176528254	252	40.0	0.014280999999999999
SRR3216817_1	96.28252788104089	51.0	252.11094731444686	252	40.0	0.015602
SRR3216818_1	96.25269077010938	51.0	252.23746869920484	252	40.0	0.022763
SRR3216819_1	96.13631094969477	52.0	251.40684645699713	252	40.0	0.012941
SRR3216820_1	94.29394812680115	53.0	253.23852065321805	254	40.0	0.0052049999999999996
SRR3216821_1	94.46222791293214	53.0	252.67016645326504	252	40.0	0.015619999999999998
SRR3216822_1	91.33666904932095	53.0	252.2532523230879	252	40.0	0.0069949999999999995
SRR3216823_1	96.62870159453303	51.0	252.09015945330296	252	40.0	0.010974999999999999
SRR3216824_1	96.79650915283099	51.0	251.53065134099617	252	40.0	0.018792
SRR3216825_1	94.50155390867798	50.0	251.35847477886685	252	40.0	0.008366
SRR3216826_1	96.67047184170472	51.0	252.06183409436835	252	40.0	0.010511999999999999
SRR3216827_1	92.02349374763168	53.0	252.07900719969686	252	40.0	0.005278
SRR3216828_1	93.49112426035504	52.0	251.92963220791276	252	40.0	0.008619
SRR3216829_1	94.82086929951875	52.0	251.93976777939042	252	40.0	0.013091
SRR3216830_1	92.16724738675958	53.0	251.82905923344947	252	40.0	0.007175
SRR3216831_1	96.84937419076392	51.0	252.1414904330312	252	40.0	0.013902
SRR3216832_1	91.9218910585817	53.0	251.80236382322713	252	40.0	0.009729999999999999
SRR3216833_1	91.93383935651977	53.0	250.8828594086326	252	40.0	0.008827
SRR3216834_1	95.16370284194781	54.0	250.90387651653649	252	40.0	0.024068
SRR3216835_1	93.72856442920137	53.0	251.74514127061897	252	40.0	0.006123
SRR3216836_1	96.02649006622516	53.0	251.79333852746396	252	40.0	0.010268
SRR3216837_1	93.95598497047773	53.0	252.62882447665055	252	40.0	0.009315
SRR3216838_1	95.96405726469692	53.0	253.1973804447152	254	40.0	0.013132
SRR3216839_1	92.50238127636413	52.0	251.97992924207375	252	40.0	0.007349
SRR3216840_1	94.55977530834046	54.0	251.51831725485408	252	40.0	0.016378
SRR3216841_1	93.28401790928558	53.0	251.23184738174032	252	40.0	0.005137
SRR3216842_1	94.22473320778406	53.0	251.43502824858757	252	40.0	0.006372
SRR3216843_1	94.40359087002196	50.0	252.03013083755133	252	40.0	0.010471
SRR3216844_1	97.07145371348116	50.0	252.03044702569517	252	40.0	0.014204999999999999
SRR3216845_1	91.8754473872584	53.0	251.83106657122406	252	40.0	0.005588
SRR3216846_1	92.43213600219359	54.0	252.13559089662738	252	40.0	0.007293999999999999
SRR3216847_1	96.66616268521318	52.0	251.92379800423345	252	40.0	0.013228
SRR3216848_1	95.42698770136843	53.0	253.4336566776373	254	40.0	0.0057729999999999995
SRR3216849_1	97.54515979620194	53.0	251.51570171375636	252	40.0	0.021589999999999998
SRR3216850_1	96.29149988226983	53.0	251.53896868377677	252	40.0	0.008494
SRR3216851_1	90.79473138966998	53.0	252.5591978688767	252	40.0	0.006757
SRR3216852_1	95.41361256544502	54.0	251.54225130890052	252	40.0	0.0382
SRR3216853_1	98.52506195539212	52.0	251.6288472299944	252	40.0	0.050036
SRR3216854_1	97.14252047369351	50.0	252.2574972014376	252	40.0	0.016973
SRR3216855_1	97.91550438707714	51.0	252.18555054014303	252	40.0	0.019717
SRR3216856_1	96.77352850221627	51.0	252.311153489331	252	40.0	0.009701
SRR3216857_1	95.04174543163201	52.0	252.25937303087588	252	40.0	0.025391999999999998
SRR3216858_1	95.53029401261755	53.0	252.12694917271753	252	40.0	0.033604
SRR3216859_1	98.65295126132746	51.0	252.16971064693328	252	40.0	0.028581
SRR3216860_1	97.28383531792358	53.0	253.00852206397386	252	40.0	0.012849
SRR3216861_1	96.47344743781994	52.0	252.1466208180361	252	40.0	0.019339
SRR3216862_1	97.0202622169249	52.0	252.50297973778308	252	40.0	0.010067999999999999
SRR3216863_1	94.90022172949003	53.0	252.3340196388977	252	40.0	0.018942
SRR3216864_1	94.85870972655952	53.0	252.84183867773632	252	40.0	0.013129
SRR3216865_1	98.32586197354586	51.0	252.03472798716032	252	40.0	0.036137999999999997
SRR3216866_1	98.2674003569304	51.0	252.01844140392623	252	40.0	0.013448
SRR3216867_1	97.47967093061962	52.0	251.9896571401398	252	40.0	0.021029
SRR3216868_1	98.23855507868383	51.0	251.99034334763948	252	40.0	0.011184
SRR3216869_1	97.55908385801624	51.0	252.2143899990875	252	40.0	0.021918
SRR3216870_1	97.16888621769525	50.0	252.0560687059121	252	40.0	0.031612999999999995
SRR3216871_1	97.95831106360235	52.0	252.03066096561554	252	40.0	0.028065
SRR3216872_1	95.73525793488066	52.0	252.78458951857624	252	40.0	0.012192999999999999
SRR3216873_1	97.37559463359881	52.0	251.86383558715056	252	40.0	0.018709
SRR3216874_1	95.46687948922586	50.0	251.8152434158021	252	40.0	0.006265
SRR3216875_1	92.6097271648873	52.0	251.49311981020165	252	40.0	0.01686
SRR3216876_1	94.8159307760652	53.0	251.1224939158651	252	40.0	0.025887
SRR3216877_1	98.74893636593612	51.0	252.13530575167306	252	40.0	0.043483
SRR3216878_1	97.10372845816133	52.0	252.78988926020574	252	40.0	0.015260999999999999
SRR3216879_1	97.83232550989034	51.0	252.04740186532746	252	40.0	0.019514
SRR3216880_1	95.80133965038392	53.0	252.9087567390949	254	40.0	0.006121
SRR3216881_1	94.85576045280263	53.0	252.71316414095307	252	40.0	0.021908
SRR3216882_1	95.41120133250053	53.0	252.75492400582968	252	40.0	0.024014999999999998
SRR3216883_1	97.85935085007728	54.0	251.73500772797527	252	40.0	0.02588
SRR3216884_1	96.44651830581479	54.0	253.45279971284995	254	40.0	0.011144
SRR3216885_1	97.026938239159	54.0	251.73357424441525	252	40.0	0.012176
SRR3216886_1	95.62458249833	54.0	253.4922066354932	254	40.0	0.008982
SRR3216887_1	93.80664652567975	52.0	251.91983167889512	252	40.0	0.018536
SRR3216888_1	95.18661314042689	53.0	249.50626018522198	252	40.0	0.025158999999999997
SRR3216889_1	97.28463003840223	54.0	251.39460554564423	252	40.0	0.033070999999999996
SRR3216890_1	97.6786929884275	51.0	252.11647379169503	252	40.0	0.01469
SRR3216891_1	97.20716342019665	53.0	252.0489587617303	252	40.0	0.026747
SRR3216892_1	97.44444444444444	51.0	252.10944444444445	252	40.0	0.0144
SRR3216893_1	96.16896947190213	54.0	251.32087269947027	252	40.0	0.036622
SRR3216894_1	95.4447204568184	53.0	251.37522986095428	252	40.0	0.030997
SRR3216895_1	95.98039864909609	53.0	251.67329978147143	252	40.0	0.030202
SRR3216896_1	97.50239540083041	51.0	252.04851485148515	252	40.0	0.015655
SRR3216897_1	94.50216616186788	54.0	251.98035118659664	252	40.0	0.026083
SRR3216898_1	98.3061658398299	51.0	252.0190644932672	252	40.0	0.01411
SRR3216899_1	94.21440726035168	53.0	252.34538387107537	252	40.0	0.029970999999999998
SRR3216900_1	94.12930235530983	53.0	252.14315617909304	252	40.0	0.031291
SRR3216901_1	98.15093528273489	51.0	251.45065577295205	252	40.0	0.032556999999999996
SRR3216902_1	98.36561065711408	51.0	251.91632150453376	252	40.0	0.017866
SRR3216903_1	98.10365135453475	51.0	251.98103651354535	252	40.0	0.02547
SRR3216904_1	98.13025648154584	51.0	252.05835128935846	252	40.0	0.014386999999999999
SRR3216905_1	93.1793343268753	53.0	252.05538996522603	252	40.0	0.02013
SRR3216906_1	94.67337078210315	52.0	252.2820638724123	252	40.0	0.025457
SRR3216907_1	93.24953445065177	51.0	251.8038485412787	252	40.0	0.006444
SRR3216908_1	97.37846780351235	53.0	252.91295495036906	252	40.0	0.015716
SRR3216909_1	98.30461529490655	51.0	251.91939998250677	252	40.0	0.06859799999999999
SRR3216910_1	97.42823436885568	53.0	253.10912308297287	252	40.0	0.025429999999999998
SRR3216911_1	93.33293577434551	54.0	251.99919494304967	252	40.0	0.016769
SRR3216912_1	95.13851460601488	54.0	252.08255183069238	252	40.0	0.027830999999999998
SRR3216913_1	94.58138113668771	51.0	250.33662660419637	252	40.0	0.009818
SRR3216914_1	96.45888409628496	53.0	253.1787254765549	254	40.0	0.014374
SRR3216915_1	98.29903821456092	51.0	251.88930905562373	252	40.0	0.035039
SRR3216916_1	96.65247327414387	52.0	252.98278673672766	254	40.0	0.022076
SRR3216917_1	93.66214549938348	52.0	252.37225647348953	252	40.0	0.012164999999999999
SRR3216918_1	95.17895929738408	53.0	251.44319576919446	252	40.0	0.021178
SRR3216919_1	96.75753228120516	53.0	251.80625128100021	252	40.0	0.024395
SRR3216920_1	95.78947368421052	53.0	253.2514619883041	254	40.0	0.01026
SRR3216921_1	97.40149456521739	53.0	251.9515625	252	40.0	0.029439999999999997
SRR3216922_1	97.1396522714526	52.0	252.87675266404935	252	40.0	0.028527999999999998
SRR3216923_1	93.29936305732484	52.0	252.45142250530785	252	40.0	0.011774999999999999
SRR3216924_1	95.80911844151592	53.0	252.362814111484	252	40.0	0.024433999999999997
SRR3216925_1	96.49302632060622	52.0	252.17507412966285	252	40.0	0.027316999999999998
SRR3216926_1	96.79363857894062	53.0	253.2569578042837	254	40.0	0.007796999999999999
SRR3216927_1	97.98229214434372	51.0	252.1200924194857	252	40.0	0.028349
SRR3216928_1	97.7855778661023	53.0	253.37885201053012	254	40.0	0.019372999999999998
SRR3216929_1	92.59153154185526	53.0	252.25213430355814	252	40.0	0.017453
SRR3216930_1	93.38715641562924	53.0	252.1644890915814	252	40.0	0.016226
SRR3216931_1	96.62719298245614	51.0	251.18940789473683	252	40.0	0.022799999999999997
SRR3216932_1	95.30102790014685	52.0	252.83127753303964	252	40.0	0.010215
SRR3216933_1	96.75582904265562	52.0	251.57402988823307	252	40.0	0.023889
SRR3216934_1	97.35667547774841	52.0	251.57269142436192	252	40.0	0.023077
SRR3216935_1	91.43011332973556	53.0	251.4352401511063	252	40.0	0.018529999999999998
SRR3216936_1	91.70228815690218	53.0	252.4796328891124	252	40.0	0.007954
SRR3216937_1	95.26944782560584	55.0	251.516045147726	252	40.0	0.018074
SRR3216938_1	93.80104712041884	53.0	251.91151832460733	252	40.0	0.004775
SRR3216939_1	96.04523265154792	55.0	251.8468454551072	252	40.0	0.032366
SRR3216940_1	97.39271036852388	52.0	252.05453749242068	252	40.0	0.029685999999999997
SRR3216941_1	94.64744720528199	55.0	252.0988105438234	252	40.0	0.019840999999999998
SRR3216942_1	95.64943631566322	54.0	251.84600623650755	252	40.0	0.033352
SRR3216943_1	97.73700629196848	52.0	252.11211864854863	252	40.0	0.018913
SRR3216944_1	97.18021020251217	51.0	252.09625736990515	252	40.0	0.007802
SRR3216945_1	97.90190162093889	52.0	252.0874675461371	252	40.0	0.028502
SRR3216946_1	98.66205918837498	51.0	251.71557682083997	252	40.0	0.022572
SRR3216947_1	94.79155328181126	52.0	252.2459453575705	252	40.0	0.018373999999999998
SRR3216948_1	94.70126641286613	53.0	252.42727837774842	252	40.0	0.012870999999999999
SRR3216949_1	95.88935249575027	52.0	251.98354195642096	252	40.0	0.019413
SRR3216950_1	97.06930693069307	51.0	252.40257425742575	252	40.0	0.012624999999999999
SRR3216951_1	97.29412786657402	52.0	252.07870048644892	252	40.0	0.023024
SRR3216952_1	97.64860797592175	51.0	252.48545272134436	252	40.0	0.015948
SRR3216953_1	92.75521954638762	54.0	252.1549341611175	252	40.0	0.019972999999999998
SRR3216954_1	93.40337296101742	53.0	252.41285595797623	252	40.0	0.018085
SRR3216955_1	96.51360544217687	53.0	251.52100840336135	252	40.0	0.019992
SRR3216956_1	96.73814165042235	54.0	253.53287849252763	254	40.0	0.007695
SRR3216957_1	96.38975320745067	53.0	252.1883338306125	252	40.0	0.023461
SRR3216958_1	97.3366429625654	53.0	253.13102106534282	254	40.0	0.014905999999999999
SRR3216959_1	93.16056427326042	53.0	252.28744650499286	252	40.0	0.012617999999999999
SRR3216960_1	95.30837004405286	51.0	252.9412334801762	252	40.0	0.022699999999999998
SRR3216961_1	95.191089757589	51.0	251.50508844725923	252	40.0	0.022895
SRR3216962_1	92.67764298093587	52.0	253.00216637781628	252	40.0	0.0046159999999999994
SRR3216963_1	95.68686544304735	51.0	251.43291914725427	252	40.0	0.040480999999999996
SRR3216964_1	94.92772667542707	52.0	252.85348226018397	252	40.0	0.01522
SRR3216965_1	94.41239835985823	50.0	251.5608103412329	252	40.0	0.014388999999999999
SRR3216966_1	94.94193673776785	51.0	252.42915796122637	252	40.0	0.020581
SRR3216967_1	97.50308757987435	51.0	251.9788165172099	252	40.0	0.018623
SRR3216968_1	97.6682652554986	51.0	251.9549363320655	252	40.0	0.012093999999999999
SRR3216969_1	98.08382374049089	51.0	251.9766757571408	252	40.0	0.027868
SRR3216970_1	97.92224146072722	50.0	252.09063959284327	252	40.0	0.019059
SRR3216971_1	95.1253098320022	53.0	251.39888001468833	252	40.0	0.021786
SRR3216972_1	94.71556976533752	53.0	252.37187066417326	252	40.0	0.016576999999999998
SRR3216973_1	95.38562234100579	53.0	251.59845096541943	252	40.0	0.027500999999999998
SRR3216974_1	96.60493827160494	53.0	253.43909465020576	254	40.0	0.00972
SRR3216975_1	95.46721099015033	53.0	251.54344867807154	252	40.0	0.030864
SRR3216976_1	97.97122097164838	54.0	251.606753098732	252	40.0	0.035095
SRR3216977_1	94.91891114387428	54.0	252.43671113668236	252	40.0	0.027809
SRR3216978_1	96.07870115575123	53.0	252.321133736929	252	40.0	0.021804
SRR3216979_1	97.94240400667779	54.0	250.36264607679465	252	40.0	0.02396
SRR3216980_1	96.81511943302127	53.0	253.04562953889229	252	40.0	0.011429
SRR3216981_1	97.8297161936561	54.0	251.83023789649417	252	40.0	0.019167999999999998
SRR3216982_1	97.38702562072281	53.0	253.14521237486568	254	40.0	0.017681
SRR3216983_1	96.32071104527358	54.0	251.32801592445145	252	40.0	0.054005
SRR3216984_1	96.67602996254682	55.0	250.81418113721483	252	40.0	0.023496
SRR3216985_1	97.23562055909963	52.0	251.65128883356672	252	40.0	0.019281
SRR3216986_1	96.93673695893452	52.0	252.35438401775804	252	40.0	0.009009999999999999
SRR3216987_1	96.06864274570982	53.0	252.25787831513261	252	40.0	0.003205
SRR3216988_1	97.77568331762488	52.0	251.62447376688658	252	40.0	0.015915
SRR3216989_1	96.44044716090826	53.0	251.53760648573328	252	40.0	0.031577
SRR3216990_1	94.28571428571429	53.0	250.17615184004637	252	40.0	0.017255
SRR3216991_1	98.09240407204385	52.0	250.57235708692247	252	40.0	0.031925
SRR3216992_1	97.03822993978434	52.0	252.63331466181208	252	40.0	0.014282
SRR3216993_1	97.92632663575476	53.0	252.18942126051863	252	40.0	0.023292
SRR3216994_1	97.25414673541654	53.0	252.96853450953594	254	40.0	0.016097
SRR3216995_1	94.26591685077325	52.0	252.21721229162483	252	40.0	0.019916
SRR3216996_1	96.20684756357437	51.0	248.87306435573234	252	40.0	0.035195
SRR3216997_1	97.56600052977014	50.0	251.48092827500957	252	40.0	0.033977
SRR3216998_1	95.12635379061372	48.0	251.72854762565953	252	40.0	0.007202
SRR3216999_1	97.42741365850031	51.0	252.58617420721959	252	40.0	0.026899
SRR3217000_1	96.51229744180307	49.0	251.97635107345562	252	40.0	0.012157
SRR3217001_1	94.2028219626909	52.0	252.82785499128045	252	40.0	0.018923
SRR3217002_1	94.72435934517267	52.0	252.31639382194712	252	40.0	0.034574
SRR3217003_1	97.65454336412064	53.0	252.14021001801248	252	40.0	0.026092999999999998
SRR3217004_1	97.65512512855673	51.0	251.91227288309906	252	40.0	0.014584999999999999
SRR3217005_1	93.69879998228757	52.0	252.19640880308197	252	40.0	0.022583
SRR3217006_1	97.87270445990647	51.0	251.5542659974906	252	40.0	0.035067999999999995
SRR3217007_1	96.1093502377179	51.0	252.44944532488114	252	40.0	0.01262
SRR3217008_1	97.78651826436253	52.0	252.15354198920457	252	40.0	0.023899
SRR3217009_1	96.50638617580766	53.0	252.96776859504132	254	40.0	0.013309999999999999
SRR3217010_1	94.67475439118786	51.0	251.40769202143494	252	40.0	0.026872
SRR3217011_1	94.84276729559748	52.0	251.92512798010824	252	40.0	0.034185
SRR3217012_1	96.83668571927223	52.0	251.6392949081548	252	40.0	0.022919
SRR3217013_1	95.78023222883036	49.0	251.69583687340696	252	40.0	0.014124
SRR3217014_1	97.33709273182957	51.0	252.1331006086645	252	40.0	0.022344
SRR3217015_1	97.0407404905074	51.0	252.2173163975407	252	40.0	0.014801
SRR3217016_1	93.79444085326438	52.0	252.07401422107304	252	40.0	0.01547
SRR3217017_1	95.87150045155464	52.0	251.50945684427816	252	40.0	0.038755
SRR3217018_1	97.78720824492271	54.0	252.12284867468256	252	40.0	0.029691
SRR3217019_1	96.62849363337871	49.0	251.6336590053656	252	40.0	0.012487
SRR3217020_1	98.08635216832485	54.0	252.18010663112295	252	40.0	0.021006999999999998
SRR3217021_1	87.14506969540527	52.0	251.05678884873515	252	40.0	0.007748
SRR3217022_1	90.88929474571509	54.0	250.77167041303738	252	40.0	0.014235999999999999
SRR3217023_1	93.30289193302892	53.0	251.9122635355512	252	40.0	0.027594
SRR3217024_1	97.26273804403081	51.0	252.25927736284362	252	40.0	0.025573
SRR3217025_1	93.06944069170494	52.0	251.68589570386382	252	40.0	0.007402
SRR3217026_1	97.13348094259054	51.0	252.1700142337498	252	40.0	0.025292
SRR3217027_1	97.56462720830422	51.0	252.16483681006088	252	40.0	0.010019
SRR3217028_1	94.62109461555507	52.0	252.47418568579658	252	40.0	0.018052
SRR3217029_1	97.21618094823836	51.0	252.02184744355253	252	40.0	0.025289
SRR3217030_1	95.82461566451379	52.0	251.5427544801237	252	40.0	0.010993
SRR3217031_1	95.62163202463434	51.0	252.09006928406467	252	40.0	0.010392
SRR3217032_1	97.47935265193107	53.0	251.95796534109897	252	40.0	0.020947
SRR3217033_1	94.03256189451022	52.0	251.43079476139218	252	40.0	0.044592
SRR3217034_1	90.66547565877624	52.0	249.5624162572577	252	40.0	0.008956
SRR3217035_1	94.69265616557915	51.0	251.99453472424256	252	40.0	0.024061
SRR3217036_1	95.80014932802389	51.0	251.98680935788948	252	40.0	0.016072
SRR3217037_1	95.67107933133636	49.0	251.70050246400618	252	40.0	0.010348999999999999
SRR3217038_1	97.09372312983663	53.0	250.73671539122958	252	40.0	0.02326
SRR3217039_1	96.31607460722854	50.0	251.89168794984909	252	40.0	0.012921
SRR3217040_1	96.64099272571673	51.0	250.50703893881044	252	40.0	0.02337
SRR3217041_1	96.39842620304671	51.0	251.49199650267343	252	40.0	0.029737
SRR3217042_1	97.78872695972218	52.0	251.41153423763024	252	40.0	0.033691
SRR3217043_1	97.48511904761905	51.0	252.07425595238095	252	40.0	0.013439999999999999
SRR3217044_1	97.83747878072182	52.0	251.47741530740277	252	40.0	0.027097999999999997
SRR3217045_1	98.30711490856824	51.0	252.00187654715324	252	40.0	0.012523
SRR3217046_1	94.71475761092759	51.0	252.15137041335595	252	40.0	0.022402
SRR3217047_1	96.03674173544086	51.0	251.52340653704482	252	40.0	0.021446999999999997
SRR3217048_1	97.76151528196299	51.0	252.10589754627637	252	40.0	0.027875999999999998
SRR3217049_1	97.25547000076237	51.0	252.09655409011208	252	40.0	0.013117
SRR3217050_1	97.28963813399216	51.0	251.2297631158262	252	40.0	0.027524
SRR3217051_1	96.8026963016943	51.0	251.9144652942248	252	40.0	0.010978
SRR3217052_1	95.17401941441086	55.0	251.31406360981768	252	40.0	0.025342
SRR3217053_1	96.41368089217315	51.0	252.03242262974138	252	40.0	0.029501
SRR3217054_1	98.16895224813409	51.0	252.13957542418842	252	40.0	0.038721
SRR3217055_1	97.11730416034497	51.0	252.14641060448776	252	40.0	0.012523
SRR3217056_1	95.51196467084317	53.0	251.60537126424978	252	40.0	0.019473999999999998
SRR3217057_1	95.6737160120846	51.0	251.03794561933535	252	40.0	0.008275
SRR3217058_1	89.92604437337597	52.0	251.3265040975415	252	40.0	0.010006
SRR3217059_1	92.30945690199002	52.0	249.92477203647417	252	40.0	0.034873999999999995
SRR3217060_1	96.3272432499844	54.0	251.3464488370643	252	40.0	0.016037
SRR3217061_1	97.08125550014667	51.0	252.0670284540921	252	40.0	0.006817999999999999
SRR3217062_1	96.99502242979167	53.0	251.8600442450685	252	40.0	0.016273
SRR3217063_1	97.77234267583289	51.0	252.41062929666842	252	40.0	0.015127999999999999
SRR3217064_1	96.41861819391872	50.0	251.82382180441746	252	40.0	0.024041
SRR3217065_1	93.30704681023153	53.0	251.7215145081387	252	40.0	0.009890999999999999
SRR3217066_1	96.76161410647677	52.0	251.72651746354697	252	40.0	0.023592
SRR3217067_1	97.01655946352813	51.0	252.12446968660188	252	40.0	0.007306999999999999
SRR3217068_1	96.55288192501399	51.0	250.59972020145494	252	40.0	0.01787
SRR3217069_1	97.30204591597689	50.0	251.29821958456972	252	40.0	0.025612
SRR3217070_1	91.89454431904359	52.0	251.6016639157782	252	40.0	0.022417
SRR3217071_1	93.09527896995708	52.0	251.2941974248927	252	40.0	0.029124999999999998
SRR3217072_1	95.03050890105051	53.0	251.6889035667107	252	40.0	0.015896999999999998
SRR3217073_1	95.70563753310631	51.0	252.374195989406	252	40.0	0.010572
SRR3217074_1	96.55285800405547	53.0	251.44251109771469	252	40.0	0.018247
SRR3217075_1	96.89131058216232	51.0	252.42991109836535	252	40.0	0.017435
SRR3217076_1	91.78853806004858	53.0	250.85688078135496	252	40.0	0.019351
SRR3217077_1	90.4135516229772	52.0	251.1153118198164	252	40.0	0.010567
SRR3217078_1	96.1745760483765	53.0	252.0191271197581	252	40.0	0.015214
SRR3217079_1	95.50385862878872	51.0	251.98797673638296	252	40.0	0.008941
SRR3217080_1	97.08084589699484	53.0	251.28791864818376	252	40.0	0.019766
SRR3217081_1	98.94586830140022	50.0	251.97189359151267	252	40.0	0.08841399999999999
SRR3217082_1	93.4730024968789	52.0	250.67860486891385	252	40.0	0.025632
SRR3217083_1	91.89940252883146	52.0	252.02674725580104	252	40.0	0.014393999999999999
SRR3217084_1	95.2757932676836	53.0	251.76214841990088	252	40.0	0.015536999999999999
SRR3217085_1	90.4022450888681	53.0	252.19429373246024	252	40.0	0.005345
SRR3217086_1	95.40678879310344	53.0	249.8817349137931	252	40.0	0.014848
SRR3217087_1	96.7673270800683	51.0	250.41630605132045	252	40.0	0.042751
SRR3217088_1	94.88312491714905	52.0	250.70681808139278	252	40.0	0.022631
SRR3217089_1	92.98805723069647	53.0	252.79277521579758	252	40.0	0.008457
SRR3217090_1	97.5529904144728	52.0	252.06055083029565	252	40.0	0.029627999999999998
SRR3217091_1	95.83111772838456	52.0	252.0233436137403	252	40.0	0.009403
SRR3217092_1	96.27778508483493	52.0	252.19801394186504	252	40.0	0.015205999999999999
SRR3217093_1	97.40796241545502	51.0	252.13824875460693	252	40.0	0.024690999999999998
SRR3217094_1	94.20156993067094	54.0	251.813355870051	252	40.0	0.017453
SRR3217095_1	96.64414050787647	54.0	252.24620015222456	252	40.0	0.043357
SRR3217096_1	96.98132780082987	56.0	253.54294605809127	254	40.0	0.01928
SRR3217097_1	98.15696202531646	51.0	252.03053164556962	252	40.0	0.009875
SRR3217098_1	97.02262443438914	55.0	252.23221719457013	254	40.0	0.022099999999999998
SRR3217099_1	98.77998001332445	51.0	252.04447035309792	252	40.0	0.024016
SRR3217100_1	94.09991627128105	52.0	251.6250907061122	252	40.0	0.017915
SRR3217101_1	92.95542102366538	53.0	252.61909741331866	252	40.0	0.009085
SRR3217102_1	96.23256519102486	52.0	251.8239842328684	252	40.0	0.013191999999999999
SRR3217103_1	97.20834051352749	50.0	252.1017577115285	252	40.0	0.011606
SRR3217104_1	97.43843211415309	49.0	246.22480336957923	252	40.0	0.023267
SRR3217105_1	98.2895285773884	51.0	252.26320400500626	252	40.0	0.023969999999999998
SRR3217106_1	95.54230307190664	51.0	250.21074309250042	252	40.0	0.023308
SRR3217107_1	94.07388404309903	52.0	252.3624935864546	252	40.0	0.011694
SRR3217108_1	95.50029073668202	52.0	251.39522297267075	252	40.0	0.022357
SRR3217109_1	97.84911717495987	51.0	251.47025147137506	252	40.0	0.009345
SRR3217110_1	92.18398754971469	52.0	251.2742232981728	252	40.0	0.017349
SRR3217111_1	98.62382256663771	50.0	251.0418364620215	252	40.0	0.029938
SRR3217112_1	94.34109282166163	52.0	251.13981688906205	252	40.0	0.020534
SRR3217113_1	92.42067678325083	52.0	251.70684898157916	252	40.0	0.012322999999999999
SRR3217114_1	95.9262238565847	51.0	251.18257297173065	252	40.0	0.017404
SRR3217115_1	96.67657092549797	54.0	253.5857268625509	254	40.0	0.009087
SRR3217116_1	94.17182870993805	52.0	251.28707244815513	252	40.0	0.018564999999999998
SRR3217117_1	95.78028894292662	54.0	253.49642397368044	254	40.0	0.006991
SRR3217118_1	93.46308440871589	53.0	251.9623228263169	252	40.0	0.023635
SRR3217119_1	95.9727700725283	52.0	251.49227000890698	252	40.0	0.015718
SRR3217120_1	96.89994678020224	53.0	251.99450062089764	252	40.0	0.022548
SRR3217121_1	94.42652329749104	49.0	252.0448028673835	252	40.0	0.00558
SRR3217122_1	96.89358889623266	52.0	250.40861253749554	252	40.0	0.019669
SRR3217123_1	95.67533688498904	51.0	252.4122532121592	252	40.0	0.009573
SRR3217124_1	96.08285414747276	52.0	250.84963624233566	252	40.0	0.031477
SRR3217125_1	96.28542679859132	51.0	252.01383531779305	252	40.0	0.011925999999999999
SRR3217126_1	97.73383967638075	50.0	252.06426979278461	252	40.0	0.024225999999999998
SRR3217127_1	96.06109324758842	53.0	253.10266421681212	254	40.0	0.008708
SRR3217128_1	96.79703527231818	51.0	251.6592879359407	252	40.0	0.015111
SRR3217129_1	96.57699152098817	52.0	252.92709096618864	254	40.0	0.009552999999999999
SRR3217130_1	92.59953398845101	52.0	251.4167257623341	252	40.0	0.019742
SRR3217131_1	96.77632199076255	52.0	252.55551889904797	252	40.0	0.021218
SRR3217132_1	98.25072173019524	50.0	252.02943191270734	252	40.0	0.040874
SRR3217133_1	98.21527323915339	51.0	251.84131014026445	252	40.0	0.019891
SRR3217134_1	97.46786383308572	50.0	250.6464375686325	252	40.0	0.030962
SRR3217135_1	96.73758865248227	51.0	252.5037234042553	252	40.0	0.01128
SRR3217136_1	93.18636421670851	52.0	250.82284972549687	252	40.0	0.023497
SRR3217137_1	96.63754394514254	51.0	252.09204984510424	252	40.0	0.028728999999999998
SRR3217138_1	96.7521236114848	51.0	251.97403620709537	252	40.0	0.026017
SRR3217139_1	96.69923995656895	50.0	251.7954397394137	252	40.0	0.01842
SRR3217140_1	89.43322529709964	53.0	250.0917892462395	252	40.0	0.024066
SRR3217141_1	97.71658173265386	51.0	251.9984319874559	252	40.0	0.010204
SRR3217142_1	90.1125830166566	52.0	249.23289057783145	252	40.0	0.028156999999999998
SRR3217143_1	93.76305407287073	51.0	251.88698073799026	252	40.0	0.017235999999999998
SRR3217144_1	95.77604842196281	53.0	252.53069606571552	252	40.0	0.023129999999999998
SRR3217145_1	96.5659908978072	54.0	253.27920286856985	254	40.0	0.014502
SRR3217146_1	94.27442717935212	54.0	252.5119041348433	252	40.0	0.018985
SRR3217147_1	95.57036103358243	53.0	252.9656522913478	254	40.0	0.011106999999999999
SRR3217148_1	94.88392275981775	54.0	251.3815795183337	252	40.0	0.023045
SRR3217149_1	94.43498324452014	54.0	252.62602318299182	252	40.0	0.018203
SRR3217150_1	96.40489780887498	52.0	252.14352789541522	252	40.0	0.021724
SRR3217151_1	96.51036774799509	52.0	252.71588035546566	252	40.0	0.013841
SRR3217152_1	96.759665438381	51.0	252.26744458092062	252	40.0	0.017096999999999998
SRR3217153_1	97.29240543735224	53.0	251.6311317966903	252	40.0	0.027072
SRR3217154_1	97.22430607651913	51.0	251.84445149748976	252	40.0	0.017329
SRR3217155_1	93.3033263805028	52.0	251.9194752442639	252	40.0	0.018217999999999998
SRR3217156_1	96.10478359908883	52.0	251.87749430523917	252	40.0	0.021949999999999997
SRR3217157_1	96.41856332444809	53.0	252.9281320483904	254	40.0	0.014631
SRR3217158_1	96.34785549230682	51.0	249.8530969959984	252	40.0	0.017743
SRR3217159_1	95.77407967725668	53.0	253.03232476046395	254	40.0	0.009915
SRR3217160_1	94.64440665023776	52.0	249.12314740897574	252	40.0	0.028811
SRR3217161_1	97.26116135050398	51.0	252.13672168527972	252	40.0	0.038592999999999995
SRR3217162_1	96.81464860966423	52.0	251.2180262841574	252	40.0	0.024957999999999998
SRR3217163_1	90.8171206225681	52.0	252.0249027237354	252	40.0	0.00514
SRR3217164_1	96.06673253781257	51.0	250.6701755719389	252	40.0	0.026313999999999997
SRR3217165_1	94.98192642993834	49.0	248.16064214331277	252	40.0	0.009406
SRR3217166_1	93.03309971549511	51.0	250.64329331760462	252	40.0	0.028822
SRR3217167_1	92.77458145441352	53.0	252.23244181827607	252	40.0	0.019292999999999998
SRR3217168_1	96.22183294848315	53.0	252.07170156859624	252	40.0	0.025117999999999998
SRR3217169_1	94.82323232323232	49.0	251.74873737373738	252	40.0	0.011087999999999999
SRR3217170_1	97.313473751542	53.0	252.04621464796455	252	40.0	0.021887
SRR3217171_1	95.0	48.0	250.15629139072848	252	40.0	0.00906
SRR3217172_1	94.69346941590236	52.0	251.1714709330391	252	40.0	0.029002
SRR3217173_1	93.70511195606252	53.0	252.32038747057757	252	40.0	0.016569
SRR3217174_1	93.85696361355082	53.0	251.4040903387704	252	40.0	0.019925
SRR3217175_1	95.323289391086	49.0	251.86377903327056	252	40.0	0.012744
SRR3217176_1	94.52279957582185	54.0	249.58865323435842	252	40.0	0.01886
SRR3217177_1	95.35245719368469	49.0	251.9202801867912	252	40.0	0.008994
SRR3217178_1	92.89713811696392	54.0	250.9301119867275	252	40.0	0.019288
SRR3217179_1	94.99348501553573	52.0	251.67650596371655	252	40.0	0.019954
SRR3217180_1	93.62621534029529	52.0	251.61667266834715	252	40.0	0.005554
SRR3217181_1	97.56180539804944	54.0	253.48968019959173	254	40.0	0.017636
SRR3217182_1	97.98257339472251	51.0	252.07755334422495	252	40.0	0.040397999999999996
SRR3217183_1	97.40478597910347	54.0	253.57280080889788	254	40.0	0.011868
SRR3217184_1	93.02130338965264	52.0	251.55803337181237	252	40.0	0.019058
SRR3217185_1	94.22827496757458	52.0	251.84025075659318	252	40.0	0.004626
SRR3217186_1	97.02299695474116	52.0	252.26089467604746	252	40.0	0.019046
SRR3217187_1	97.62162162162163	52.0	252.3514467408585	252	40.0	0.015725
SRR3217188_1	97.01734187234655	52.0	251.59181837806722	252	40.0	0.027794
SRR3217189_1	97.91522173717922	54.0	253.59061237811594	254	40.0	0.024510999999999998
SRR3217190_1	94.05704516825625	51.0	249.14144322476156	252	40.0	0.022227999999999998
SRR3217191_1	94.7430771508959	52.0	251.9432104249963	252	40.0	0.0067529999999999995
SRR3217192_1	95.14584240313452	51.0	251.9357858075751	252	40.0	0.004594
SRR3217193_1	97.53086419753086	51.0	252.16627349217583	252	40.0	0.012717
SRR3217194_1	97.23254324151185	50.0	249.2493487080931	252	40.0	0.023415
SRR3217195_1	97.94944170021999	50.0	252.0999335851563	252	40.0	0.024090999999999998
SRR3217196_1	94.06560636182903	50.0	248.81441351888668	252	40.0	0.02012
SRR3217197_1	98.14283150906155	51.0	252.10837968778037	252	40.0	0.022292
SRR3217198_1	97.62421849292531	51.0	250.9318854886476	252	40.0	0.015195
SRR3217199_1	91.51270207852194	52.0	251.07428791377984	252	40.0	0.005196
SRR3217200_1	96.37001874825482	52.0	251.62609198611833	252	40.0	0.025068999999999998
SRR3217201_1	97.83287907997075	50.0	252.04437279797912	252	40.0	0.015042999999999999
SRR3217202_1	92.87930937200248	52.0	251.71988376685664	252	40.0	0.017723
SRR3217203_1	95.09828950727598	51.0	252.16709216236916	252	40.0	0.0039169999999999995
SRR3217204_1	97.63661202185793	51.0	252.07732240437159	252	40.0	0.014639999999999999
SRR3217205_1	96.61578341013825	51.0	251.98819124423963	252	40.0	0.006944
SRR3217206_1	93.75421253650865	52.0	251.9630420130308	252	40.0	0.008902
SRR3217207_1	97.95761449372867	51.0	252.1140131673795	252	40.0	0.020808999999999998
SRR3217208_1	96.20569840166783	54.0	253.21772063933287	254	40.0	0.007195
SRR3217209_1	97.02425876010781	51.0	250.45119496855347	252	40.0	0.027825
SRR3217210_1	96.28966223132036	52.0	252.73362333674513	252	40.0	0.015632
SRR3217211_1	95.12060799647539	53.0	251.66653816499615	252	40.0	0.018158
SRR3217212_1	97.01830000706563	51.0	252.04030947502295	252	40.0	0.014152999999999999
SRR3217213_1	97.10724827812398	51.0	251.3190554280092	252	40.0	0.015245
SRR3217214_1	96.06762680025047	53.0	252.87044458359424	252	40.0	0.007984999999999999
SRR3217215_1	98.37896064316116	50.0	252.06544585150544	252	40.0	0.038062
SRR3217216_1	97.89369428854407	54.0	253.19593925387917	254	40.0	0.030289999999999997
SRR3217217_1	94.34174816938912	52.0	250.3156587638896	252	40.0	0.019528999999999998
SRR3217218_1	96.7416760004073	54.0	252.03538336218307	252	40.0	0.019642
SRR3217219_1	96.13380575239684	51.0	251.9408086702793	252	40.0	0.009596
SRR3217220_1	95.7758714301227	53.0	253.15935497882506	254	40.0	0.009209
SRR3217221_1	96.2584141970452	51.0	252.16430632048255	252	40.0	0.011439
SRR3217222_1	91.20918984280532	52.0	251.3977629987908	252	40.0	0.00827
SRR3217223_1	93.46045764753111	53.0	252.22950622240063	252	40.0	0.024909999999999998
SRR3217224_1	94.61919692525538	51.0	252.45003540002023	252	40.0	0.009887
SRR3217225_1	94.98069498069498	50.0	252.55469755469755	252	40.0	0.01554
SRR3217226_1	90.93953248760384	53.0	252.4970378002447	252	40.0	0.015529
SRR3217227_1	92.20581981653605	54.0	252.60315290687078	252	40.0	0.016461
SRR3217228_1	95.5005055611729	53.0	252.15217391304347	252	40.0	0.023736
SRR3217229_1	96.16386288449355	42.0	266.1521433096361	274	40.0	0.014207
SRR3217230_1	94.55058491564282	53.0	251.0893245546999	252	40.0	0.017011
SRR3217231_1	92.5793199895114	54.0	251.31693033825715	252	40.0	0.011441
SRR3217232_1	94.08305964614895	55.0	252.15917999788113	252	40.0	0.018878
SRR3217233_1	98.09564925408932	54.0	252.0657888425193	252	40.0	0.020846999999999997
